object={
	name="reeds_01_generator_1_0"
	render_pass=Map
	clamp_to_water_level=no
	generated_content=yes
	layer="grass_layer"
	pdxmesh="reeds_06_grass_mesh"
	count=88
	transform="9666.215820 0.000000 5714.527832 0.000000 0.265409 0.000000 0.964136 0.801694 0.801694 0.801694
9670.697266 0.000000 5717.587402 0.000000 0.593427 0.000000 0.804887 0.708064 0.708064 0.708064
9667.860352 0.000000 5711.315918 0.000000 0.245993 0.000000 0.969272 0.666592 0.666592 0.666592
9667.030273 0.000000 5715.991699 0.000000 0.132928 0.000000 0.991126 0.781088 0.781088 0.781088
9667.045898 0.000000 5711.964844 0.000000 0.207992 0.000000 0.978131 0.656753 0.656753 0.656753
9666.907227 0.000000 5710.846680 0.000000 0.693545 0.000000 0.720414 0.797170 0.797170 0.797170
9671.699219 0.000000 5717.305664 0.000000 0.493500 0.000000 0.869746 0.670865 0.670865 0.670865
9669.739258 0.000000 5710.352539 0.000000 0.005905 0.000000 0.999983 0.445231 0.445231 0.445231
9666.413086 0.000000 5717.936523 0.000000 0.410214 0.000000 0.911990 0.443936 0.443936 0.443936
9666.298828 0.000000 5716.485352 0.000000 0.264193 0.000000 0.964470 0.368710 0.368710 0.368710
9664.274414 0.000000 5715.403809 0.000000 0.016267 0.000000 0.999868 0.514881 0.514881 0.514881
9671.064453 0.000000 5714.213379 0.000000 0.258909 0.000000 0.965902 0.454287 0.454287 0.454287
9669.164062 0.000000 5720.539551 0.000000 0.669599 0.000000 0.742723 0.676061 0.676061 0.676061
9666.972656 0.000000 5720.582031 0.000000 0.438867 0.000000 0.898552 0.629290 0.629290 0.629290
9669.985352 0.000000 5721.151367 0.000000 0.325547 0.000000 0.945526 0.520471 0.520471 0.520471
9666.281250 0.000000 5720.005371 0.000000 0.427491 0.000000 0.904020 0.625099 0.625099 0.625099
5195.881348 0.000000 10613.800781 0.000000 0.590798 0.000000 0.806820 0.943753 0.943753 0.943753
5193.958496 0.000000 10611.869141 0.000000 0.139403 0.000000 0.990236 0.842814 0.842814 0.842814
5227.763184 0.000000 10603.301758 0.000000 0.157509 0.000000 0.987518 0.908306 0.908306 0.908306
5211.604492 0.000000 10614.480469 0.000000 0.512529 0.000000 0.858670 0.889141 0.889141 0.889141
5212.451172 0.000000 10651.398438 0.000000 0.618226 0.000000 0.786000 0.898405 0.898405 0.898405
5195.990723 0.000000 10608.850586 0.000000 0.688487 0.000000 0.725248 0.951384 0.951384 0.951384
5212.595215 0.000000 10612.870117 0.000000 0.275135 0.000000 0.961406 0.903229 0.903229 0.903229
5248.754883 0.000000 10604.726562 0.000000 0.493158 0.000000 0.869940 0.915710 0.915710 0.915710
5238.963379 0.000000 10607.970703 0.000000 0.667814 0.000000 0.744329 0.874245 0.874245 0.874245
5226.516602 0.000000 10606.373047 0.000000 0.025824 0.000000 0.999667 0.857288 0.857288 0.857288
5226.778320 0.000000 10604.551758 0.000000 0.569696 0.000000 0.821856 0.807334 0.807334 0.807334
5194.917969 0.000000 10610.049805 0.000000 0.416229 0.000000 0.909260 0.791963 0.791963 0.791963
5212.161133 0.000000 10648.847656 0.000000 0.629879 0.000000 0.776693 0.846791 0.846791 0.846791
5334.849609 0.000000 10626.624023 0.000000 0.086711 0.000000 0.996234 0.933313 0.933313 0.933313
5257.570801 0.000000 10666.267578 0.000000 0.606979 0.000000 0.794718 0.885341 0.885341 0.885341
5288.477539 0.000000 10665.322266 0.000000 0.438963 0.000000 0.898505 0.977704 0.977704 0.977704
5320.404785 0.000000 10685.127930 0.000000 0.553695 0.000000 0.832720 0.958238 0.958238 0.958238
5328.258301 0.000000 10680.537109 0.000000 0.286729 0.000000 0.958012 0.875374 0.875374 0.875374
5339.413574 0.000000 10660.338867 0.000000 0.003388 0.000000 0.999994 0.917825 0.917825 0.917825
5333.430664 0.000000 10630.270508 0.000000 0.351505 0.000000 0.936186 0.948577 0.948577 0.948577
5291.691895 0.000000 10608.625000 0.000000 0.612820 0.000000 0.790222 0.827116 0.827116 0.827116
5285.815430 0.000000 10664.434570 0.000000 0.029325 0.000000 0.999570 0.796038 0.796038 0.796038
5268.459473 0.000000 10608.735352 0.000000 0.288462 0.000000 0.957491 0.824493 0.824493 0.824493
5271.654297 0.000000 10664.291992 0.000000 0.721894 0.000000 0.692004 0.950392 0.950392 0.950392
5266.205078 0.000000 10607.820312 0.000000 0.134277 0.000000 0.990944 0.946220 0.946220 0.946220
5259.559082 0.000000 10611.530273 0.000000 0.003746 0.000000 0.999993 0.753530 0.753530 0.753530
5292.482422 0.000000 10664.112305 0.000000 0.203649 0.000000 0.979044 0.924990 0.924990 0.924990
5295.829590 0.000000 10665.571289 0.000000 0.273061 0.000000 0.961997 0.822290 0.822290 0.822290
5331.485840 0.000000 10682.677734 0.000000 0.371246 0.000000 0.928535 0.895980 0.895980 0.895980
5296.729980 0.000000 10613.708984 0.000000 0.048821 0.000000 0.998808 0.848015 0.848015 0.848015
5332.270020 0.000000 10629.173828 0.000000 0.394935 0.000000 0.918709 0.831337 0.831337 0.831337
5258.144043 0.000000 10607.926758 0.000000 0.656235 0.000000 0.754557 0.803626 0.803626 0.803626
5273.020996 0.000000 10663.659180 0.000000 0.136810 0.000000 0.990597 0.803158 0.803158 0.803158
5271.854492 0.000000 10662.762695 0.000000 0.028828 0.000000 0.999584 0.846017 0.846017 0.846017
5322.402344 0.000000 10682.660156 0.000000 0.475402 0.000000 0.879769 0.895296 0.895296 0.895296
5284.623535 0.000000 10665.303711 0.000000 0.532560 0.000000 0.846392 0.866469 0.866469 0.866469
5269.872559 0.000000 10608.582031 0.000000 0.000619 0.000000 1.000000 0.784399 0.784399 0.784399
5259.932129 0.000000 10606.583008 0.000000 0.571905 0.000000 0.820320 0.779052 0.779052 0.779052
5343.377930 0.000000 10662.967773 0.000000 0.410567 0.000000 0.911830 0.945559 0.945559 0.945559
5250.716797 0.000000 10713.467773 0.000000 0.341180 0.000000 0.939998 0.682557 0.682557 0.682557
5316.443359 0.000000 10689.022461 0.000000 0.528467 0.000000 0.848954 0.774696 0.774696 0.774696
5277.127930 0.000000 10711.816406 0.000000 0.432510 0.000000 0.901629 0.859754 0.859754 0.859754
5302.700195 0.000000 10700.971680 0.000000 0.149509 0.000000 0.988760 0.868764 0.868764 0.868764
5253.922363 0.000000 10710.205078 0.000000 0.343362 0.000000 0.939203 0.805021 0.805021 0.805021
5293.231445 0.000000 10707.874023 0.000000 0.501256 0.000000 0.865299 0.736313 0.736313 0.736313
5277.865234 0.000000 10710.169922 0.000000 0.538392 0.000000 0.842694 0.874889 0.874889 0.874889
5299.981445 0.000000 10702.442383 0.000000 0.525644 0.000000 0.850704 0.908567 0.908567 0.908567
5274.806152 0.000000 10708.916992 0.000000 0.541565 0.000000 0.840659 0.912752 0.912752 0.912752
5317.788574 0.000000 10688.252930 0.000000 0.547789 0.000000 0.836617 0.779790 0.779790 0.779790
5303.740234 0.000000 10698.987305 0.000000 0.304500 0.000000 0.952512 0.700835 0.700835 0.700835
5301.590332 0.000000 10700.116211 0.000000 0.631061 0.000000 0.775733 0.878086 0.878086 0.878086
5258.304688 0.000000 10710.702148 0.000000 0.218776 0.000000 0.975775 0.831453 0.831453 0.831453
5251.996094 0.000000 10711.091797 0.000000 0.364820 0.000000 0.931078 0.823634 0.823634 0.823634
5293.647461 0.000000 10706.830078 0.000000 0.090596 0.000000 0.995888 0.626797 0.626797 0.626797
5279.734863 0.000000 10708.557617 0.000000 0.003755 0.000000 0.999993 0.628342 0.628342 0.628342
5309.040039 0.000000 10693.564453 0.000000 0.529524 0.000000 0.848295 0.658666 0.658666 0.658666
9541.732422 0.000000 6181.721680 0.000000 0.364821 0.000000 0.931078 0.811677 0.811677 0.811677
9544.669922 0.000000 6177.696777 0.000000 0.650920 0.000000 0.759146 0.987088 0.987088 0.987088
9546.657227 0.000000 6180.912598 0.000000 0.407349 0.000000 0.913272 0.896531 0.896531 0.896531
9537.675781 0.000000 6171.498047 0.000000 0.686958 0.000000 0.726697 0.867989 0.867989 0.867989
9527.193359 0.000000 6176.228516 0.000000 0.735183 0.000000 0.677869 0.966528 0.966528 0.966528
9547.386719 0.000000 6176.281738 0.000000 0.532285 0.000000 0.846565 0.954635 0.954635 0.954635
9544.149414 0.000000 6180.422852 0.000000 0.103486 0.000000 0.994631 0.816863 0.816863 0.816863
9547.133789 0.000000 6178.604004 0.000000 0.352526 0.000000 0.935802 0.836804 0.836804 0.836804
9544.870117 0.000000 6169.443359 0.000000 0.236661 0.000000 0.971592 0.886947 0.886947 0.886947
9540.633789 0.000000 6179.682617 0.000000 0.467585 0.000000 0.883948 0.891726 0.891726 0.891726
9549.090820 0.000000 6174.105957 0.000000 0.666239 0.000000 0.745738 0.907547 0.907547 0.907547
9542.525391 0.000000 6180.315430 0.000000 0.428028 0.000000 0.903765 0.749258 0.749258 0.749258
9548.572266 0.000000 6172.579590 0.000000 0.421190 0.000000 0.906972 0.861027 0.861027 0.861027
9540.297852 0.000000 6181.779297 0.000000 0.588221 0.000000 0.808700 0.851849 0.851849 0.851849
9534.935547 0.000000 6179.245605 0.000000 0.645969 0.000000 0.763364 0.861231 0.861231 0.861231
9524.499023 0.000000 6174.947754 0.000000 0.307677 0.000000 0.951491 0.764442 0.764442 0.764442
"}
object={
	name="reeds_01_generator_1_1"
	render_pass=Map
	clamp_to_water_level=no
	generated_content=yes
	layer="grass_layer"
	pdxmesh="reeds_07_grass_mesh"
	count=62
	transform="9666.129883 0.000000 5711.468750 0.000000 0.900382 0.000000 0.435100 0.886494 0.886494 0.886494
9664.521484 0.000000 5714.520508 0.000000 0.859240 0.000000 0.511573 0.832415 0.832415 0.832415
9671.874023 0.000000 5713.965332 0.000000 0.981966 0.000000 0.189056 0.924500 0.924500 0.924500
9667.706055 0.000000 5714.251953 0.000000 0.973034 0.000000 0.230661 0.964554 0.964554 0.964554
9665.919922 0.000000 5715.613281 0.000000 0.926959 0.000000 0.375162 0.879987 0.879987 0.879987
9668.948242 0.000000 5718.267578 0.000000 0.977656 0.000000 0.210211 0.934964 0.934964 0.934964
9668.601562 0.000000 5711.861816 0.000000 0.996165 0.000000 0.087495 0.968943 0.968943 0.968943
9668.796875 0.000000 5710.703125 0.000000 0.852707 0.000000 0.522389 0.805144 0.805144 0.805144
9666.836914 0.000000 5718.290527 0.000000 0.958364 0.000000 0.285549 0.958069 0.958069 0.958069
9668.470703 0.000000 5718.929199 0.000000 0.837434 0.000000 0.546539 0.822441 0.822441 0.822441
9668.282227 0.000000 5721.648926 0.000000 0.928772 0.000000 0.370652 0.853065 0.853065 0.853065
9666.255859 0.000000 5721.646484 0.000000 0.948587 0.000000 0.316517 0.893065 0.893065 0.893065
9669.444336 0.000000 5719.357422 0.000000 0.974341 0.000000 0.225079 0.930286 0.930286 0.930286
5244.481934 0.000000 10663.500000 0.000000 0.946450 0.000000 0.322849 0.991793 0.991793 0.991793
5210.579590 0.000000 10612.806641 0.000000 0.982369 0.000000 0.186954 0.991079 0.991079 0.991079
5228.230957 0.000000 10605.350586 0.000000 0.747888 0.000000 0.663825 0.943819 0.943819 0.943819
5210.927246 0.000000 10648.400391 0.000000 0.996132 0.000000 0.087871 0.993850 0.993850 0.993850
5213.259277 0.000000 10648.797852 0.000000 0.884861 0.000000 0.465854 0.916522 0.916522 0.916522
5243.355469 0.000000 10665.215820 0.000000 0.970506 0.000000 0.241078 0.969608 0.969608 0.969608
5240.375977 0.000000 10664.703125 0.000000 0.804516 0.000000 0.593931 0.941257 0.941257 0.941257
5239.985352 0.000000 10609.552734 0.000000 0.940842 0.000000 0.338846 0.962027 0.962027 0.962027
5194.831543 0.000000 10611.193359 0.000000 0.815650 0.000000 0.578546 0.887563 0.887563 0.887563
5247.490234 0.000000 10712.089844 0.000000 0.954085 0.000000 0.299535 0.952913 0.952913 0.952913
5246.224609 0.000000 10715.101562 0.000000 0.863341 0.000000 0.504621 0.893037 0.893037 0.893037
5274.089844 0.000000 10664.665039 0.000000 0.959261 0.000000 0.282522 0.993564 0.993564 0.993564
5335.278809 0.000000 10666.374023 0.000000 0.933309 0.000000 0.359073 0.977994 0.977994 0.977994
5254.050293 0.000000 10667.545898 0.000000 0.851120 0.000000 0.524972 0.973784 0.973784 0.973784
5297.810059 0.000000 10665.551758 0.000000 0.898288 0.000000 0.439408 0.980692 0.980692 0.980692
5299.735840 0.000000 10615.787109 0.000000 0.845048 0.000000 0.534691 0.969015 0.969015 0.969015
5275.850098 0.000000 10662.046875 0.000000 0.924338 0.000000 0.381574 0.985339 0.985339 0.985339
5336.036133 0.000000 10629.063477 0.000000 0.775218 0.000000 0.631694 0.974395 0.974395 0.974395
5273.203613 0.000000 10662.116211 0.000000 0.840086 0.000000 0.542453 0.921273 0.921273 0.921273
5329.798828 0.000000 10682.217773 0.000000 0.995615 0.000000 0.093550 0.986668 0.986668 0.986668
5258.907715 0.000000 10606.566406 0.000000 0.893189 0.000000 0.449681 0.892874 0.892874 0.892874
5291.767578 0.000000 10610.642578 0.000000 0.745712 0.000000 0.666268 0.868926 0.868926 0.868926
5268.867188 0.000000 10610.512695 0.000000 0.870871 0.000000 0.491511 0.966648 0.966648 0.966648
5290.685059 0.000000 10609.834961 0.000000 0.920871 0.000000 0.389869 0.924012 0.924012 0.924012
5341.642090 0.000000 10662.022461 0.000000 0.884388 0.000000 0.466753 0.922409 0.922409 0.922409
5324.393066 0.000000 10686.912109 0.000000 0.972832 0.000000 0.231513 0.995334 0.995334 0.995334
5276.282715 0.000000 10709.431641 0.000000 0.954156 0.000000 0.299308 0.953709 0.953709 0.953709
5258.135254 0.000000 10712.035156 0.000000 0.784729 0.000000 0.619839 0.944922 0.944922 0.944922
5297.336914 0.000000 10709.157227 0.000000 0.956644 0.000000 0.291261 0.922527 0.922527 0.922527
5258.625000 0.000000 10713.737305 0.000000 0.983911 0.000000 0.178657 0.985202 0.985202 0.985202
5296.729980 0.000000 10707.451172 0.000000 0.902310 0.000000 0.431088 0.957717 0.957717 0.957717
5308.123047 0.000000 10693.299805 0.000000 0.901174 0.000000 0.433457 0.848899 0.848899 0.848899
5261.865234 0.000000 10711.278320 0.000000 0.831163 0.000000 0.556029 0.911682 0.911682 0.911682
5277.421875 0.000000 10708.921875 0.000000 0.896798 0.000000 0.442440 0.930203 0.930203 0.930203
9539.596680 0.000000 6168.783691 0.000000 0.971025 0.000000 0.238978 0.954816 0.954816 0.954816
9547.579102 0.000000 6173.689453 0.000000 0.858485 0.000000 0.512838 0.966391 0.966391 0.966391
9546.979492 0.000000 6170.050781 0.000000 0.957165 0.000000 0.289544 0.983866 0.983866 0.983866
9530.601562 0.000000 6177.176758 0.000000 0.868764 0.000000 0.495226 0.906872 0.906872 0.906872
9531.467773 0.000000 6171.319336 0.000000 0.976980 0.000000 0.213332 0.968870 0.968870 0.968870
9537.076172 0.000000 6169.190918 0.000000 0.987276 0.000000 0.159018 0.973288 0.973288 0.973288
9533.553711 0.000000 6171.830566 0.000000 0.921570 0.000000 0.388213 0.968149 0.968149 0.968149
9529.793945 0.000000 6178.853027 0.000000 0.949243 0.000000 0.314543 0.976834 0.976834 0.976834
9529.936523 0.000000 6170.327148 0.000000 0.992487 0.000000 0.122348 0.992038 0.992038 0.992038
9537.862305 0.000000 6179.864746 0.000000 0.878180 0.000000 0.478331 0.906613 0.906613 0.906613
9538.827148 0.000000 6170.238770 0.000000 0.801898 0.000000 0.597460 0.897689 0.897689 0.897689
9527.943359 0.000000 6174.823730 0.000000 0.900026 0.000000 0.435836 0.954966 0.954966 0.954966
9537.240234 0.000000 6178.417969 0.000000 0.865540 0.000000 0.500840 0.901779 0.901779 0.901779
9538.302734 0.000000 6168.645508 0.000000 0.845946 0.000000 0.533268 0.894685 0.894685 0.894685
9542.678711 0.000000 6181.359375 0.000000 0.955083 0.000000 0.296337 0.933152 0.933152 0.933152
"}
object={
	name="reeds_01_generator_1_2"
	render_pass=Map
	clamp_to_water_level=no
	generated_content=yes
	layer="grass_layer"
	pdxmesh="reeds_01_tall_grass_mesh"
	count=156
	transform="9670.623047 0.000000 5714.923340 0.000000 0.913890 0.000000 -0.405963 1.174287 1.174287 1.174287
9668.675781 0.000000 5712.742188 0.000000 0.864970 0.000000 -0.501823 1.053810 1.053810 1.053810
9671.254883 0.000000 5712.426270 0.000000 0.987687 0.000000 -0.156445 1.062357 1.062357 1.062357
9670.708984 0.000000 5710.483887 0.000000 0.265495 0.000000 -0.964112 1.240552 1.240552 1.240552
9665.336914 0.000000 5713.017090 0.000000 0.999989 0.000000 -0.004738 1.001041 1.001041 1.001041
9666.988281 0.000000 5713.000977 0.000000 0.944111 0.000000 -0.329628 1.067928 1.067928 1.067928
9669.373047 0.000000 5711.340332 0.000000 0.343063 0.000000 -0.939312 1.432722 1.432722 1.432722
9669.937500 0.000000 5713.567871 0.000000 0.554419 0.000000 -0.832238 1.100632 1.100632 1.100632
9671.945312 0.000000 5715.317383 0.000000 0.232212 0.000000 -0.972665 1.557195 1.557195 1.557195
9671.189453 0.000000 5716.387207 0.000000 0.935183 0.000000 -0.354165 1.112975 1.112975 1.112975
9667.073242 0.000000 5717.284668 0.000000 0.351598 0.000000 -0.936151 1.586775 1.586775 1.586775
9670.632812 0.000000 5711.566406 0.000000 0.382277 0.000000 -0.924048 1.217728 1.217728 1.217728
9670.938477 0.000000 5713.398926 0.000000 0.883618 0.000000 -0.468209 1.193420 1.193420 1.193420
9665.395508 0.000000 5714.005859 0.000000 0.175923 0.000000 -0.984404 1.435009 1.435009 1.435009
9664.462891 0.000000 5712.626953 0.000000 0.562447 0.000000 -0.826834 1.213864 1.213864 1.213864
9668.020508 0.000000 5710.345703 0.000000 0.586179 0.000000 -0.810182 1.334821 1.334821 1.334821
9665.329102 0.000000 5714.932129 0.000000 0.165074 0.000000 -0.986281 1.438445 1.438445 1.438445
9670.570312 0.000000 5715.768066 0.000000 0.382230 0.000000 -0.924067 1.491381 1.491381 1.491381
9671.896484 0.000000 5713.028809 0.000000 0.371016 0.000000 -0.928626 1.472647 1.472647 1.472647
9667.587891 0.000000 5716.603027 0.000000 0.973697 0.000000 -0.227846 1.111331 1.111331 1.111331
9668.090820 0.000000 5720.387695 0.000000 0.864184 0.000000 -0.503176 1.204035 1.204035 1.204035
9667.261719 0.000000 5721.501465 0.000000 0.422882 0.000000 -0.906185 1.376592 1.376592 1.376592
9668.724609 0.000000 5719.819336 0.000000 0.834253 0.000000 -0.551382 1.179338 1.179338 1.179338
9669.101562 0.000000 5721.368652 0.000000 0.759580 0.000000 -0.650414 1.274021 1.274021 1.274021
5225.775879 0.000000 10602.528320 0.000000 0.634054 0.000000 -0.773289 1.017656 1.017656 1.017656
5248.628418 0.000000 10602.966797 0.000000 0.921074 0.000000 -0.389389 1.006990 1.006990 1.006990
5195.944336 0.000000 10610.924805 0.000000 0.573321 0.000000 -0.819331 1.175002 1.175002 1.175002
5241.536621 0.000000 10666.374023 0.000000 0.179935 0.000000 -0.983678 1.031229 1.031229 1.031229
5210.345703 0.000000 10650.898438 0.000000 0.697168 0.000000 -0.716908 1.027939 1.027939 1.027939
5213.520020 0.000000 10614.923828 0.000000 0.040557 0.000000 -0.999177 1.229217 1.229217 1.229217
5238.575195 0.000000 10610.206055 0.000000 0.407151 0.000000 -0.913361 1.025872 1.025872 1.025872
5245.781250 0.000000 10604.656250 0.000000 0.999848 0.000000 0.017432 0.999043 0.999043 0.999043
5240.672363 0.000000 10608.218750 0.000000 0.743249 0.000000 -0.669015 1.036594 1.036594 1.036594
5225.312012 0.000000 10605.186523 0.000000 0.851303 0.000000 -0.524674 1.051020 1.051020 1.051020
5227.858398 0.000000 10607.513672 0.000000 0.804266 0.000000 -0.594270 1.058782 1.058782 1.058782
5241.250488 0.000000 10606.311523 0.000000 0.971891 0.000000 -0.235432 1.017207 1.017207 1.017207
5229.912598 0.000000 10605.997070 0.000000 0.879790 0.000000 -0.475363 1.038339 1.038339 1.038339
5210.068359 0.000000 10615.312500 0.000000 0.024292 0.000000 -0.999705 1.166019 1.166019 1.166019
5243.076172 0.000000 10662.612305 0.000000 0.999580 0.000000 0.028968 0.997179 0.997179 0.997179
5192.678223 0.000000 10611.096680 0.000000 0.478702 0.000000 -0.877977 1.117715 1.117715 1.117715
5246.183105 0.000000 10605.818359 0.000000 0.187482 0.000000 -0.982268 1.241551 1.241551 1.241551
5227.158691 0.000000 10605.560547 0.000000 0.864107 0.000000 -0.503308 1.105339 1.105339 1.105339
5247.102051 0.000000 10713.738281 0.000000 0.999096 0.000000 -0.042511 1.006582 1.006582 1.006582
5247.281250 0.000000 10715.349609 0.000000 0.256927 0.000000 -0.966431 1.265102 1.265102 1.265102
5328.774902 0.000000 10684.309570 0.000000 0.952646 0.000000 -0.304081 1.012342 1.012342 1.012342
5258.153320 0.000000 10609.450195 0.000000 0.582604 0.000000 -0.812756 1.189512 1.189512 1.189512
5333.447754 0.000000 10682.784180 0.000000 0.299242 0.000000 -0.954177 1.018977 1.018977 1.018977
5324.055664 0.000000 10686.430664 0.000000 0.762435 0.000000 -0.647065 1.014055 1.014055 1.014055
5298.304688 0.000000 10612.894531 0.000000 0.885119 0.000000 -0.465365 1.012084 1.012084 1.012084
5259.144531 0.000000 10604.640625 0.000000 0.483196 0.000000 -0.875512 1.090527 1.090527 1.090527
5295.199219 0.000000 10669.333008 0.000000 0.935800 0.000000 -0.352532 1.015290 1.015290 1.015290
5249.586914 0.000000 10602.924805 0.000000 0.943601 0.000000 -0.331085 1.005897 1.005897 1.005897
5267.926270 0.000000 10606.058594 0.000000 0.992712 0.000000 -0.120513 1.004524 1.004524 1.004524
5283.825195 0.000000 10662.303711 0.000000 0.847640 0.000000 -0.530572 1.019548 1.019548 1.019548
5330.719727 0.000000 10628.225586 0.000000 0.232115 0.000000 -0.972688 1.050051 1.050051 1.050051
5267.065918 0.000000 10611.084961 0.000000 0.971651 0.000000 -0.236418 1.013705 1.013705 1.013705
5270.513672 0.000000 10661.958008 0.000000 0.027630 0.000000 -0.999618 1.038526 1.038526 1.038526
5325.867188 0.000000 10683.164062 0.000000 0.503134 0.000000 -0.864209 1.054712 1.054712 1.054712
5260.735352 0.000000 10607.208008 0.000000 0.728090 0.000000 -0.685482 1.054681 1.054681 1.054681
5292.973145 0.000000 10612.111328 0.000000 0.380280 0.000000 -0.924872 1.106116 1.106116 1.106116
5317.452148 0.000000 10685.993164 0.000000 0.230556 0.000000 -0.973059 1.243875 1.243875 1.243875
5331.322754 0.000000 10680.482422 0.000000 0.821327 0.000000 -0.570457 1.033342 1.033342 1.033342
5256.800781 0.000000 10607.000000 0.000000 0.980906 0.000000 -0.194485 1.015637 1.015637 1.015637
5332.506348 0.000000 10666.733398 0.000000 0.606202 0.000000 -0.795311 1.039026 1.039026 1.039026
5294.379395 0.000000 10666.790039 0.000000 0.856866 0.000000 -0.515538 1.083838 1.083838 1.083838
5289.623535 0.000000 10613.800781 0.000000 0.486585 0.000000 -0.873634 1.050405 1.050405 1.050405
5322.808594 0.000000 10684.126953 0.000000 0.483717 0.000000 -0.875225 1.154342 1.154342 1.154342
5255.267090 0.000000 10665.255859 0.000000 0.139833 0.000000 -0.990175 1.092854 1.092854 1.092854
5334.863281 0.000000 10668.808594 0.000000 0.883683 0.000000 -0.468086 1.080264 1.080264 1.080264
5297.336914 0.000000 10615.415039 0.000000 0.917583 0.000000 -0.397545 1.069407 1.069407 1.069407
5257.226562 0.000000 10663.715820 0.000000 0.891136 0.000000 -0.453735 1.019988 1.019988 1.019988
5340.520508 0.000000 10662.566406 0.000000 0.389968 0.000000 -0.920828 1.186973 1.186973 1.186973
5301.819824 0.000000 10667.085938 0.000000 0.929388 0.000000 -0.369104 1.031146 1.031146 1.031146
5256.305664 0.000000 10610.941406 0.000000 0.433641 0.000000 -0.901086 1.053234 1.053234 1.053234
5332.888672 0.000000 10627.687500 0.000000 0.408319 0.000000 -0.912839 1.051687 1.051687 1.051687
5287.903809 0.000000 10663.168945 0.000000 0.326588 0.000000 -0.945167 1.102003 1.102003 1.102003
5291.127930 0.000000 10612.646484 0.000000 0.502187 0.000000 -0.864759 1.164308 1.164308 1.164308
5324.642578 0.000000 10684.524414 0.000000 0.121122 0.000000 -0.992638 1.123027 1.123027 1.123027
5259.892578 0.000000 10608.824219 0.000000 0.584742 0.000000 -0.811219 1.188985 1.188985 1.188985
5266.141602 0.000000 10609.598633 0.000000 0.333316 0.000000 -0.942815 1.162879 1.162879 1.162879
5334.337891 0.000000 10628.796875 0.000000 1.000000 0.000000 0.000680 0.999901 0.999901 0.999901
5322.020508 0.000000 10685.626953 0.000000 0.933900 0.000000 -0.357534 1.052943 1.052943 1.052943
5295.927734 0.000000 10667.375977 0.000000 0.997995 0.000000 -0.063292 1.009803 1.009803 1.009803
5258.057617 0.000000 10611.041992 0.000000 0.497791 0.000000 -0.867297 1.165107 1.165107 1.165107
5333.394531 0.000000 10668.117188 0.000000 0.952718 0.000000 -0.303856 1.038539 1.038539 1.038539
5316.291016 0.000000 10684.777344 0.000000 0.984856 0.000000 -0.173377 1.031758 1.031758 1.031758
5293.089355 0.000000 10609.765625 0.000000 0.316001 0.000000 -0.948759 1.149707 1.149707 1.149707
5318.910156 0.000000 10685.430664 0.000000 0.973669 0.000000 -0.227968 1.045935 1.045935 1.045935
5285.072266 0.000000 10663.126953 0.000000 0.923155 0.000000 -0.384428 1.050241 1.050241 1.050241
5300.510254 0.000000 10664.988281 0.000000 0.886991 0.000000 -0.461786 1.065910 1.065910 1.065910
5256.704102 0.000000 10665.092773 0.000000 0.238411 0.000000 -0.971164 1.205876 1.205876 1.205876
5259.405762 0.000000 10610.122070 0.000000 0.475725 0.000000 -0.879594 1.169080 1.169080 1.169080
5291.495117 0.000000 10613.941406 0.000000 0.147091 0.000000 -0.989123 1.223840 1.223840 1.223840
5267.610352 0.000000 10609.821289 0.000000 0.557463 0.000000 -0.830201 1.129601 1.129601 1.129601
5323.291504 0.000000 10685.349609 0.000000 0.998993 0.000000 -0.044871 1.006500 1.006500 1.006500
5290.731934 0.000000 10611.509766 0.000000 0.126426 0.000000 -0.991976 1.259567 1.259567 1.259567
5259.388672 0.000000 10607.675781 0.000000 0.014070 0.000000 -0.999901 1.357553 1.357553 1.357553
5317.844238 0.000000 10684.904297 0.000000 0.090502 0.000000 -0.995896 1.269758 1.269758 1.269758
5291.907715 0.000000 10611.765625 0.000000 0.386266 0.000000 -0.922387 1.211067 1.211067 1.211067
5319.522461 0.000000 10684.632812 0.000000 0.307070 0.000000 -0.951687 1.251389 1.251389 1.251389
5301.595215 0.000000 10702.941406 0.000000 0.038064 0.000000 -0.999275 1.221938 1.221938 1.221938
5255.561523 0.000000 10711.419922 0.000000 0.233877 0.000000 -0.972266 1.203266 1.203266 1.203266
5295.106934 0.000000 10708.007812 0.000000 0.990303 0.000000 -0.138923 1.006959 1.006959 1.006959
5298.104980 0.000000 10702.587891 0.000000 0.998641 0.000000 -0.052125 1.004687 1.004687 1.004687
5260.371094 0.000000 10713.478516 0.000000 0.693867 0.000000 -0.720104 1.092327 1.092327 1.092327
5317.978516 0.000000 10691.533203 0.000000 0.367678 0.000000 -0.929953 1.149080 1.149080 1.149080
5309.433105 0.000000 10697.511719 0.000000 0.600507 0.000000 -0.799620 1.057836 1.057836 1.057836
5300.260742 0.000000 10700.613281 0.000000 0.030348 0.000000 -0.999539 1.211519 1.211519 1.211519
5306.527344 0.000000 10693.585938 0.000000 0.835847 0.000000 -0.548962 1.026114 1.026114 1.026114
5278.665039 0.000000 10708.566406 0.000000 0.131200 0.000000 -0.991356 1.341342 1.341342 1.341342
5252.985352 0.000000 10711.857422 0.000000 0.806288 0.000000 -0.591523 1.101132 1.101132 1.101132
5250.264160 0.000000 10711.368164 0.000000 0.994923 0.000000 -0.100637 1.014849 1.014849 1.014849
5260.419434 0.000000 10711.500977 0.000000 0.995365 0.000000 -0.096174 1.014428 1.014428 1.014428
5310.744141 0.000000 10696.004883 0.000000 0.849573 0.000000 -0.527470 1.036065 1.036065 1.036065
5253.176270 0.000000 10708.079102 0.000000 0.658466 0.000000 -0.752610 1.055305 1.055305 1.055305
5291.127930 0.000000 10706.388672 0.000000 0.990364 0.000000 -0.138487 1.009712 1.009712 1.009712
5309.774414 0.000000 10692.783203 0.000000 0.999986 0.000000 -0.005278 1.001779 1.001779 1.001779
5293.243164 0.000000 10709.690430 0.000000 0.895665 0.000000 -0.444730 1.051777 1.051777 1.051777
5294.329102 0.000000 10704.893555 0.000000 0.070903 0.000000 -0.997483 1.280831 1.280831 1.280831
5275.164551 0.000000 10710.601562 0.000000 0.250458 0.000000 -0.968127 1.105266 1.105266 1.105266
5317.982422 0.000000 10689.866211 0.000000 0.885753 0.000000 -0.464157 1.107249 1.107249 1.107249
5294.744141 0.000000 10706.470703 0.000000 0.976523 0.000000 -0.215413 1.024392 1.024392 1.024392
5251.505371 0.000000 10712.234375 0.000000 0.906446 0.000000 -0.422322 1.113205 1.113205 1.113205
5301.455078 0.000000 10701.578125 0.000000 0.975747 0.000000 -0.218900 1.030303 1.030303 1.030303
5316.948730 0.000000 10690.703125 0.000000 0.253209 0.000000 -0.967411 1.164123 1.164123 1.164123
5279.398438 0.000000 10707.525391 0.000000 0.913537 0.000000 -0.406757 1.065886 1.065886 1.065886
5260.370605 0.000000 10710.249023 0.000000 0.967734 0.000000 -0.251976 1.038155 1.038155 1.038155
5295.401855 0.000000 10704.185547 0.000000 0.322303 0.000000 -0.946636 1.232672 1.232672 1.232672
5292.482422 0.000000 10706.945312 0.000000 0.463443 0.000000 -0.886127 1.274573 1.274573 1.274573
5302.798340 0.000000 10699.825195 0.000000 0.828205 0.000000 -0.560425 1.141093 1.141093 1.141093
5278.937500 0.000000 10709.793945 0.000000 0.550832 0.000000 -0.834616 1.234192 1.234192 1.234192
5296.528320 0.000000 10708.467773 0.000000 0.101885 0.000000 -0.994796 1.385010 1.385010 1.385010
5251.719727 0.000000 10713.748047 0.000000 0.999917 0.000000 0.012886 0.996654 0.996654 0.996654
5308.599121 0.000000 10692.565430 0.000000 0.334842 0.000000 -0.942274 1.414336 1.414336 1.414336
9533.799805 0.000000 6178.541504 0.000000 0.998079 0.000000 -0.061951 1.001857 1.001857 1.001857
9525.327148 0.000000 6174.104492 0.000000 0.596542 0.000000 -0.802582 1.174436 1.174436 1.174436
9528.393555 0.000000 6171.210938 0.000000 0.326277 0.000000 -0.945274 1.080387 1.080387 1.080387
9542.775391 0.000000 6170.066406 0.000000 0.139873 0.000000 -0.990169 1.121421 1.121421 1.121421
9535.387695 0.000000 6176.055664 0.000000 0.985851 0.000000 -0.167622 1.004625 1.004625 1.004625
9542.172852 0.000000 6178.855469 0.000000 0.344634 0.000000 -0.938737 1.073036 1.073036 1.073036
9536.212891 0.000000 6179.563965 0.000000 0.814631 0.000000 -0.579980 1.115847 1.115847 1.115847
9531.524414 0.000000 6179.488281 0.000000 0.437694 0.000000 -0.899124 1.111622 1.111622 1.111622
9527.409180 0.000000 6173.257324 0.000000 0.999832 0.000000 0.018347 0.998946 0.998946 0.998946
9524.817383 0.000000 6176.096191 0.000000 0.331854 0.000000 -0.943331 1.101543 1.101543 1.101543
9542.063477 0.000000 6168.090332 0.000000 0.566467 0.000000 -0.824084 1.060453 1.060453 1.060453
9528.715820 0.000000 6177.240723 0.000000 0.701021 0.000000 -0.713141 1.109020 1.109020 1.109020
9532.722656 0.000000 6170.001953 0.000000 0.673003 0.000000 -0.739640 1.066511 1.066511 1.066511
9523.230469 0.000000 6175.158203 0.000000 0.221978 0.000000 -0.975052 1.117696 1.117696 1.117696
9542.089844 0.000000 6171.684570 0.000000 0.519855 0.000000 -0.854255 1.086930 1.086930 1.086930
9543.789062 0.000000 6171.437012 0.000000 0.503455 0.000000 -0.864021 1.088550 1.088550 1.088550
9543.488281 0.000000 6181.999512 0.000000 0.375001 0.000000 -0.927024 1.263609 1.263609 1.263609
9545.074219 0.000000 6181.671875 0.000000 0.999992 0.000000 0.004064 0.999493 0.999493 0.999493
9525.228516 0.000000 6172.523926 0.000000 0.965302 0.000000 -0.261135 1.027702 1.027702 1.027702
9539.079102 0.000000 6171.689453 0.000000 0.838823 0.000000 -0.544404 1.091981 1.091981 1.091981
9536.515625 0.000000 6170.272461 0.000000 0.565578 0.000000 -0.824695 1.157353 1.157353 1.157353
9540.962891 0.000000 6180.831055 0.000000 0.105072 0.000000 -0.994465 1.230502 1.230502 1.230502
"}
