object={
	name="tree_jungle_01_c_generator_1_0"
	render_pass=Map
	clamp_to_water_level=no
	generated_content=yes
	layer="tree_high_layer"
	pdxmesh="tree_jungle_01_c_mesh"
	count=766
	transform="9556.523438 0.000000 4938.779297 0.000000 0.195212 0.000000 -0.980761 0.918528 0.918528 0.918528
9559.233398 0.000000 4933.403320 0.000000 0.871193 0.000000 -0.490941 0.906918 0.906918 0.906918
9555.329102 0.000000 4952.282715 0.000000 0.575946 0.000000 -0.817488 0.919353 0.919353 0.919353
9560.497070 0.000000 4937.393066 0.000000 0.902169 0.000000 0.431384 0.886972 0.886972 0.886972
9549.072266 0.000000 4998.406250 0.000000 0.883021 0.000000 0.469333 0.869265 0.869265 0.869265
9559.233398 0.000000 5027.145508 0.000000 0.985288 0.000000 -0.170901 0.904631 0.904631 0.904631
9549.382812 0.000000 5032.161621 0.000000 0.740824 0.000000 -0.671699 0.916548 0.916548 0.916548
9559.178711 0.000000 5024.137207 0.000000 0.832719 0.000000 -0.553695 0.934280 0.934280 0.934280
9557.671875 0.000000 5059.792480 0.000000 0.589240 0.000000 0.807958 0.834478 0.834478 0.834478
9546.988281 0.000000 5034.316895 0.000000 0.999786 0.000000 -0.020707 0.902885 0.902885 0.902885
9547.893555 0.000000 5038.264648 0.000000 0.873883 0.000000 0.486136 0.862358 0.862358 0.862358
9544.149414 0.000000 5055.516602 0.000000 0.690620 0.000000 -0.723218 1.025339 1.025339 1.025339
9554.117188 0.000000 5056.508789 0.000000 0.846794 0.000000 -0.531921 0.989475 0.989475 0.989475
9554.735352 0.000000 5058.606445 0.000000 0.490696 0.000000 0.871331 0.774019 0.774019 0.774019
9549.980469 0.000000 5037.942383 0.000000 0.851856 0.000000 -0.523777 0.959456 0.959456 0.959456
9560.632812 0.000000 5025.581543 0.000000 0.963594 0.000000 -0.267369 0.929191 0.929191 0.929191
9547.123047 0.000000 5036.412598 0.000000 0.408532 0.000000 -0.912744 1.070532 1.070532 1.070532
9545.556641 0.000000 5054.541504 0.000000 0.956529 0.000000 0.291638 0.854119 0.854119 0.854119
9564.595703 0.000000 4937.610352 0.000000 0.877325 0.000000 0.479897 0.897751 0.897751 0.897751
9607.577148 0.000000 4956.541504 0.000000 0.224517 0.000000 -0.974470 0.906041 0.906041 0.906041
9628.568359 0.000000 4951.445312 0.000000 0.936579 0.000000 0.350456 0.899195 0.899195 0.899195
9596.378906 0.000000 4948.457520 0.000000 0.562374 0.000000 0.826883 0.891250 0.891250 0.891250
9585.442383 0.000000 4913.549805 0.000000 0.972200 0.000000 0.234153 0.895752 0.895752 0.895752
9581.372070 0.000000 4957.294922 0.000000 0.625572 0.000000 0.780166 0.891957 0.891957 0.891957
9620.189453 0.000000 4912.079102 0.000000 0.866630 0.000000 -0.498951 0.905869 0.905869 0.905869
9606.699219 0.000000 4927.058594 0.000000 0.681491 0.000000 0.731826 0.896311 0.896311 0.896311
9620.077148 0.000000 4932.376953 0.000000 0.998131 0.000000 0.061108 0.898626 0.898626 0.898626
9573.797852 0.000000 4938.314941 0.000000 0.251292 0.000000 0.967911 0.888165 0.888165 0.888165
9627.936523 0.000000 4927.909180 0.000000 0.412608 0.000000 -0.910909 0.910295 0.910295 0.910295
9561.850586 0.000000 4964.068359 0.000000 0.025131 0.000000 0.999684 0.882635 0.882635 0.882635
9622.206055 0.000000 4918.796387 0.000000 0.962901 0.000000 0.269854 0.889563 0.889563 0.889563
9570.295898 0.000000 4923.597656 0.000000 0.025039 0.000000 -0.999686 0.927785 0.927785 0.927785
9576.534180 0.000000 4910.895020 0.000000 0.915968 0.000000 -0.401252 0.904638 0.904638 0.904638
9562.188477 0.000000 4931.476562 0.000000 0.733241 0.000000 0.679969 0.891600 0.891600 0.891600
9610.217773 0.000000 4921.643066 0.000000 0.587937 0.000000 0.808907 0.885179 0.885179 0.885179
9580.081055 0.000000 4917.354492 0.000000 0.983984 0.000000 -0.178256 0.904832 0.904832 0.904832
9579.589844 0.000000 4940.654297 0.000000 0.999379 0.000000 -0.035231 0.900396 0.900396 0.900396
9590.900391 0.000000 4924.586426 0.000000 0.581779 0.000000 -0.813347 0.932014 0.932014 0.932014
9605.013672 0.000000 4961.504883 0.000000 0.981740 0.000000 -0.190230 0.907741 0.907741 0.907741
9585.233398 0.000000 4928.351562 0.000000 0.434947 0.000000 -0.900456 0.927702 0.927702 0.927702
9616.201172 0.000000 4936.430664 0.000000 0.967449 0.000000 -0.253065 0.903449 0.903449 0.903449
9573.694336 0.000000 4927.520508 0.000000 0.685729 0.000000 0.727857 0.883515 0.883515 0.883515
9581.642578 0.000000 4962.372070 0.000000 0.862826 0.000000 0.505500 0.889283 0.889283 0.889283
9625.980469 0.000000 4922.848145 0.000000 0.974802 0.000000 -0.223073 0.906571 0.906571 0.906571
9567.250000 0.000000 4964.343262 0.000000 0.852764 0.000000 -0.522296 0.911113 0.911113 0.911113
9611.777344 0.000000 4925.726562 0.000000 0.768089 0.000000 0.640343 0.875017 0.875017 0.875017
9612.441406 0.000000 4938.791992 0.000000 0.872607 0.000000 -0.488422 0.938983 0.938983 0.938983
9591.930664 0.000000 4949.489746 0.000000 0.826577 0.000000 -0.562823 0.936266 0.936266 0.936266
9582.844727 0.000000 4938.388184 0.000000 0.408475 0.000000 -0.912770 1.000774 1.000774 1.000774
9570.208008 0.000000 4919.547852 0.000000 0.756584 0.000000 0.653896 0.877580 0.877580 0.877580
9576.784180 0.000000 4914.829102 0.000000 0.568816 0.000000 0.822465 0.873961 0.873961 0.873961
9573.664062 0.000000 4921.485840 0.000000 0.721756 0.000000 0.692148 0.877670 0.877670 0.877670
9616.228516 0.000000 4932.625000 0.000000 0.115777 0.000000 -0.993275 0.955568 0.955568 0.955568
9609.951172 0.000000 4947.278320 0.000000 0.991897 0.000000 -0.127042 0.904866 0.904866 0.904866
9578.824219 0.000000 4959.986328 0.000000 0.995782 0.000000 -0.091746 0.904335 0.904335 0.904335
9622.307617 0.000000 4934.949219 0.000000 0.484091 0.000000 -0.875018 0.945486 0.945486 0.945486
9582.149414 0.000000 4914.611328 0.000000 0.213067 0.000000 -0.977038 0.963986 0.963986 0.963986
9625.321289 0.000000 4919.715820 0.000000 0.987270 0.000000 -0.159056 0.908255 0.908255 0.908255
9593.767578 0.000000 4946.463867 0.000000 0.664403 0.000000 -0.747375 0.973968 0.973968 0.973968
9589.878906 0.000000 4927.527344 0.000000 0.381846 0.000000 0.924226 0.849667 0.849667 0.849667
9619.089844 0.000000 4935.319824 0.000000 0.969803 0.000000 0.243890 0.886160 0.886160 0.886160
9575.305664 0.000000 4935.649902 0.000000 0.466213 0.000000 -0.884673 0.946353 0.946353 0.946353
9580.049805 0.000000 4937.649902 0.000000 0.931332 0.000000 -0.364170 0.924288 0.924288 0.924288
9613.959961 0.000000 4948.812988 0.000000 0.084401 0.000000 0.996432 0.789795 0.789795 0.789795
9571.444336 0.000000 4928.082031 0.000000 0.717632 0.000000 0.696422 0.842877 0.842877 0.842877
9611.961914 0.000000 4948.044922 0.000000 0.963244 0.000000 0.268629 0.873723 0.873723 0.873723
9581.078125 0.000000 4939.390137 0.000000 0.999215 0.000000 -0.039616 0.904897 0.904897 0.904897
9680.439453 0.000000 4900.115723 0.000000 0.987771 0.000000 -0.155913 0.901759 0.901759 0.901759
9667.985352 0.000000 4947.655273 0.000000 0.930341 0.000000 0.366696 0.883971 0.883971 0.883971
9656.489258 0.000000 4924.651367 0.000000 0.890405 0.000000 0.455170 0.862837 0.862837 0.862837
9713.931641 0.000000 4912.079102 0.000000 0.965895 0.000000 0.258936 0.897057 0.897057 0.897057
9684.194336 0.000000 4930.589844 0.000000 0.491293 0.000000 -0.870994 0.914253 0.914253 0.914253
9721.678711 0.000000 4927.909180 0.000000 0.764381 0.000000 0.644765 0.895277 0.895277 0.895277
9746.511719 0.000000 4949.439941 0.000000 0.012697 0.000000 0.999919 0.878995 0.878995 0.878995
9670.623047 0.000000 4964.985840 0.000000 0.882895 0.000000 0.469570 0.887919 0.887919 0.887919
9718.272461 0.000000 4905.707031 0.000000 0.621689 0.000000 0.783264 0.885846 0.885846 0.885846
9708.756836 0.000000 4898.577637 0.000000 0.694654 0.000000 0.719344 0.889176 0.889176 0.889176
9675.425781 0.000000 4947.715332 0.000000 0.383685 0.000000 -0.923464 0.929091 0.929091 0.929091
9739.482422 0.000000 4944.051758 0.000000 0.985896 0.000000 -0.167359 0.909068 0.909068 0.909068
9655.930664 0.000000 4931.476562 0.000000 0.011914 0.000000 0.999929 0.829947 0.829947 0.829947
9711.653320 0.000000 4904.308594 0.000000 0.999572 0.000000 0.029253 0.899474 0.899474 0.899474
9700.228516 0.000000 4939.192383 0.000000 0.842868 0.000000 0.538120 0.888510 0.888510 0.888510
9682.610352 0.000000 4894.202148 0.000000 0.973671 0.000000 0.227956 0.889149 0.889149 0.889149
9692.159180 0.000000 4962.919922 0.000000 0.665536 0.000000 -0.746365 0.917039 0.917039 0.917039
9689.175781 0.000000 4901.857422 0.000000 0.999895 0.000000 0.014481 0.899837 0.899837 0.899837
9673.332031 0.000000 4940.654297 0.000000 0.385944 0.000000 0.922522 0.886804 0.886804 0.886804
9688.832031 0.000000 4934.133789 0.000000 0.888649 0.000000 0.458587 0.891437 0.891437 0.891437
9725.894531 0.000000 4931.628906 0.000000 0.781899 0.000000 -0.623405 0.916636 0.916636 0.916636
9698.755859 0.000000 4961.504883 0.000000 0.123473 0.000000 0.992348 0.880492 0.880492 0.880492
9685.312500 0.000000 4898.965332 0.000000 0.144069 0.000000 0.989568 0.845522 0.845522 0.845522
9660.992188 0.000000 4964.343262 0.000000 0.974858 0.000000 -0.222826 0.929285 0.929285 0.929285
9679.972656 0.000000 4946.391113 0.000000 0.239651 0.000000 0.970859 0.822373 0.822373 0.822373
9726.177734 0.000000 4926.797363 0.000000 0.465779 0.000000 -0.884901 0.921967 0.921967 0.921967
9671.313477 0.000000 4944.668457 0.000000 0.967262 0.000000 -0.253781 0.905765 0.905765 0.905765
9659.926758 0.000000 4927.300781 0.000000 0.999984 0.000000 -0.005662 0.900369 0.900369 0.900369
9741.162109 0.000000 4948.101074 0.000000 0.859245 0.000000 0.511564 0.886728 0.886728 0.886728
9723.818359 0.000000 4923.083496 0.000000 0.974372 0.000000 -0.224942 0.906627 0.906627 0.906627
9712.604492 0.000000 4900.263672 0.000000 0.813492 0.000000 -0.581576 0.918129 0.918129 0.918129
9680.618164 0.000000 4932.041504 0.000000 0.700278 0.000000 -0.713870 0.923222 0.923222 0.923222
9736.553711 0.000000 4942.099121 0.000000 0.135069 0.000000 0.990836 0.851625 0.851625 0.851625
9693.146484 0.000000 4966.356934 0.000000 0.871012 0.000000 0.491262 0.876923 0.876923 0.876923
9663.165039 0.000000 4926.794434 0.000000 0.976563 0.000000 0.215232 0.890739 0.890739 0.890739
9685.110352 0.000000 4933.747559 0.000000 0.363150 0.000000 -0.931731 0.953887 0.953887 0.953887
9682.166016 0.000000 4897.416016 0.000000 0.999864 0.000000 0.016514 0.899109 0.899109 0.899109
9703.288086 0.000000 4940.150391 0.000000 0.607960 0.000000 -0.793967 0.937100 0.937100 0.937100
9710.240234 0.000000 4901.695312 0.000000 0.995767 0.000000 -0.091918 0.904550 0.904550 0.904550
9673.370117 0.000000 4964.303711 0.000000 0.132960 0.000000 -0.991121 0.990434 0.990434 0.990434
9661.036133 0.000000 4967.070312 0.000000 0.946081 0.000000 0.323929 0.872575 0.872575 0.872575
9684.582031 0.000000 4938.715820 0.000000 0.990299 0.000000 0.138954 0.891856 0.891856 0.891856
9663.439453 0.000000 4965.780273 0.000000 0.242218 0.000000 0.970222 0.807629 0.807629 0.807629
9603.846680 0.000000 4990.771484 0.000000 0.994400 0.000000 -0.105684 0.913085 0.913085 0.913085
9576.880859 0.000000 5058.728027 0.000000 0.721094 0.000000 0.692837 0.877642 0.877642 0.877642
9596.095703 0.000000 4976.109863 0.000000 0.547988 0.000000 0.836487 0.846569 0.846569 0.846569
9621.477539 0.000000 5032.082520 0.000000 0.665030 0.000000 0.746816 0.882948 0.882948 0.882948
9575.122070 0.000000 5053.636230 0.000000 0.697613 0.000000 0.716475 0.887437 0.887437 0.887437
9599.926758 0.000000 4993.544922 0.000000 0.804078 0.000000 -0.594524 0.915736 0.915736 0.915736
9654.995117 0.000000 4995.511719 0.000000 0.982790 0.000000 -0.184724 0.912524 0.912524 0.912524
9596.468750 0.000000 4971.858887 0.000000 0.882235 0.000000 -0.470809 0.916522 0.916522 0.916522
9655.365234 0.000000 5000.092285 0.000000 0.999708 0.000000 0.024149 0.899023 0.899023 0.899023
9592.016602 0.000000 4972.338379 0.000000 0.584709 0.000000 -0.811243 0.927640 0.927640 0.927640
9593.767578 0.000000 5040.206055 0.000000 0.031642 0.000000 0.999499 0.754751 0.754751 0.754751
9588.827148 0.000000 5041.955078 0.000000 0.417549 0.000000 -0.908654 0.966601 0.966601 0.966601
9563.102539 0.000000 5021.885254 0.000000 0.121928 0.000000 0.992539 0.838159 0.838159 0.838159
9598.387695 0.000000 4974.163574 0.000000 0.715183 0.000000 0.698938 0.837400 0.837400 0.837400
9575.484375 0.000000 5050.913574 0.000000 0.998318 0.000000 0.057975 0.895699 0.895699 0.895699
9654.041992 0.000000 4997.838379 0.000000 0.664391 0.000000 0.747385 0.812754 0.812754 0.812754
9652.661133 0.000000 5038.034668 0.000000 0.075745 0.000000 -0.997127 1.185520 1.185520 1.185520
9601.652344 0.000000 4991.713867 0.000000 0.999359 0.000000 -0.035810 0.904185 0.904185 0.904185
9595.616211 0.000000 4973.911133 0.000000 0.593840 0.000000 0.804583 0.822271 0.822271 0.822271
9590.916016 0.000000 5041.386230 0.000000 0.808849 0.000000 -0.588017 0.990394 0.990394 0.990394
9592.523438 0.000000 5038.565918 0.000000 0.992714 0.000000 -0.120492 0.914927 0.914927 0.914927
9591.507812 0.000000 5059.412109 0.000000 0.670041 0.000000 -0.742324 1.014655 1.014655 1.014655
9595.438477 0.000000 5060.487793 0.000000 0.980810 0.000000 0.194966 0.873106 0.873106 0.873106
9592.703125 0.000000 5061.431152 0.000000 0.679839 0.000000 0.733362 0.653981 0.653981 0.653981
9654.562500 0.000000 5038.521973 0.000000 0.965264 0.000000 0.261275 0.861393 0.861393 0.861393
9652.688477 0.000000 5039.537109 0.000000 0.558493 0.000000 0.829509 0.713172 0.713172 0.713172
9593.747070 0.000000 5058.004395 0.000000 0.960165 0.000000 0.279434 0.842094 0.842094 0.842094
9592.972656 0.000000 5059.103516 0.000000 0.382119 0.000000 0.924113 0.658993 0.658993 0.658993
9592.449219 0.000000 5060.229492 0.000000 0.125957 0.000000 -0.992036 1.331671 1.331671 1.331671
9672.111328 0.000000 4969.494141 0.000000 0.348536 0.000000 0.937295 0.864516 0.864516 0.864516
9714.507812 0.000000 5059.089355 0.000000 0.649292 0.000000 0.760539 0.843692 0.843692 0.843692
9667.408203 0.000000 5011.301270 0.000000 0.938015 0.000000 -0.346595 0.906362 0.906362 0.906362
9692.084961 0.000000 5001.057617 0.000000 0.286653 0.000000 -0.958035 0.920133 0.920133 0.920133
9679.184570 0.000000 5007.291992 0.000000 0.684963 0.000000 -0.728578 0.911004 0.911004 0.911004
9665.092773 0.000000 4991.417480 0.000000 0.907129 0.000000 0.420852 0.895120 0.895120 0.895120
9696.093750 0.000000 5015.269531 0.000000 0.580605 0.000000 -0.814186 0.908550 0.908550 0.908550
9664.038086 0.000000 5017.339844 0.000000 0.995519 0.000000 0.094561 0.895106 0.895106 0.895106
9700.522461 0.000000 4984.935059 0.000000 0.133434 0.000000 0.991058 0.870942 0.870942 0.870942
9682.610352 0.000000 4987.944336 0.000000 0.753847 0.000000 -0.657050 0.917719 0.917719 0.917719
9692.951172 0.000000 4968.535156 0.000000 0.301194 0.000000 -0.953563 0.965366 0.965366 0.965366
9679.258789 0.000000 4979.257812 0.000000 0.397728 0.000000 -0.917503 0.952207 0.952207 0.952207
9667.436523 0.000000 5021.262695 0.000000 0.227309 0.000000 -0.973823 0.933156 0.933156 0.933156
9732.897461 0.000000 5017.347656 0.000000 0.974585 0.000000 0.224018 0.861926 0.861926 0.861926
9719.722656 0.000000 5016.590332 0.000000 0.890405 0.000000 -0.455170 0.974326 0.974326 0.974326
9669.074219 0.000000 4993.633301 0.000000 0.764160 0.000000 -0.645026 0.963008 0.963008 0.963008
9671.313477 0.000000 5038.410645 0.000000 0.140909 0.000000 -0.990023 0.948176 0.948176 0.948176
9672.948242 0.000000 4986.553223 0.000000 0.034281 0.000000 0.999412 0.851667 0.851667 0.851667
9685.672852 0.000000 5043.231934 0.000000 0.885554 0.000000 0.464537 0.790364 0.790364 0.790364
9683.814453 0.000000 5035.048828 0.000000 0.952456 0.000000 -0.304677 0.951477 0.951477 0.951477
9659.735352 0.000000 4973.308594 0.000000 0.679362 0.000000 0.733804 0.868529 0.868529 0.868529
9655.598633 0.000000 5000.959473 0.000000 0.869891 0.000000 0.493244 0.879138 0.879138 0.879138
9716.841797 0.000000 5061.774902 0.000000 0.492564 0.000000 -0.870276 1.077914 1.077914 1.077914
9708.814453 0.000000 5019.840332 0.000000 0.081354 0.000000 0.996685 0.685829 0.685829 0.685829
9719.091797 0.000000 5019.737305 0.000000 0.494977 0.000000 0.868906 0.722553 0.722553 0.722553
9688.332031 0.000000 5044.840820 0.000000 0.725145 0.000000 0.688596 0.761763 0.761763 0.761763
9697.574219 0.000000 4984.094238 0.000000 0.950100 0.000000 0.311945 0.865073 0.865073 0.865073
9675.762695 0.000000 4987.499512 0.000000 0.990141 0.000000 -0.140076 0.913894 0.913894 0.913894
9685.801758 0.000000 4978.570801 0.000000 0.378246 0.000000 0.925705 0.658137 0.658137 0.658137
9721.677734 0.000000 5018.684082 0.000000 0.723033 0.000000 -0.690814 0.944551 0.944551 0.944551
9684.582031 0.000000 5032.458008 0.000000 0.967463 0.000000 0.253012 0.858044 0.858044 0.858044
9711.660156 0.000000 5058.731934 0.000000 0.520888 0.000000 -0.853625 0.955161 0.955161 0.955161
9730.865234 0.000000 5015.721191 0.000000 0.533593 0.000000 -0.845742 1.029091 1.029091 1.029091
9665.534180 0.000000 5019.420898 0.000000 0.904208 0.000000 -0.427092 0.956515 0.956515 0.956515
9664.018555 0.000000 4993.761719 0.000000 0.125278 0.000000 0.992122 0.679191 0.679191 0.679191
9684.547852 0.000000 4990.292480 0.000000 0.980567 0.000000 0.196184 0.881365 0.881365 0.881365
9655.518555 0.000000 5038.436035 0.000000 0.840658 0.000000 0.541566 0.816417 0.816417 0.816417
9655.932617 0.000000 4997.724609 0.000000 0.956107 0.000000 0.293019 0.869263 0.869263 0.869263
9669.392578 0.000000 4995.981934 0.000000 0.756204 0.000000 -0.654336 0.962506 0.962506 0.962506
9669.760742 0.000000 5010.890625 0.000000 0.910914 0.000000 0.412597 0.856997 0.856997 0.856997
9670.214844 0.000000 5040.530762 0.000000 0.273367 0.000000 0.961910 0.783709 0.783709 0.783709
9717.615234 0.000000 5017.845215 0.000000 0.858641 0.000000 0.512577 0.844375 0.844375 0.844375
9693.839844 0.000000 4999.504395 0.000000 0.871565 0.000000 -0.490281 0.937994 0.937994 0.937994
9687.824219 0.000000 5042.637207 0.000000 0.836046 0.000000 0.548659 0.764290 0.764290 0.764290
9695.225586 0.000000 5012.917969 0.000000 0.997933 0.000000 0.064266 0.889018 0.889018 0.889018
9679.910156 0.000000 5015.192383 0.000000 0.280971 0.000000 0.959716 0.781531 0.781531 0.781531
9684.658203 0.000000 5041.386230 0.000000 0.616254 0.000000 0.787547 0.822574 0.822574 0.822574
9677.706055 0.000000 4977.839844 0.000000 0.723370 0.000000 -0.690461 1.095215 1.095215 1.095215
9666.185547 0.000000 5017.472168 0.000000 0.841694 0.000000 0.539955 0.798754 0.798754 0.798754
9685.862305 0.000000 5034.596191 0.000000 0.963451 0.000000 0.267885 0.856736 0.856736 0.856736
9666.301758 0.000000 4993.228027 0.000000 0.765422 0.000000 0.643529 0.783761 0.783761 0.783761
9714.675781 0.000000 5061.045410 0.000000 0.913431 0.000000 -0.406995 0.970636 0.970636 0.970636
9708.424805 0.000000 5017.803711 0.000000 0.887582 0.000000 0.460651 0.819326 0.819326 0.819326
9686.457031 0.000000 5045.341797 0.000000 0.566363 0.000000 -0.824156 1.267843 1.267843 1.267843
9678.893555 0.000000 5013.704590 0.000000 0.994081 0.000000 0.108646 0.885813 0.885813 0.885813
9730.916016 0.000000 5017.569824 0.000000 0.869550 0.000000 0.493845 0.832689 0.832689 0.832689
9716.262695 0.000000 5060.155762 0.000000 0.121014 0.000000 -0.992651 1.144263 1.144263 1.144263
9679.753906 0.000000 5011.725098 0.000000 0.820417 0.000000 0.571765 0.805637 0.805637 0.805637
9667.172852 0.000000 5019.701660 0.000000 0.301504 0.000000 0.953465 0.641446 0.641446 0.641446
9732.708984 0.000000 5015.483887 0.000000 0.997295 0.000000 0.073505 0.887767 0.887767 0.887767
9711.652344 0.000000 5017.419434 0.000000 0.965469 0.000000 -0.260516 0.944414 0.944414 0.944414
9683.317383 0.000000 5033.353516 0.000000 0.848320 0.000000 0.529484 0.805969 0.805969 0.805969
9696.627930 0.000000 4982.764648 0.000000 0.995262 0.000000 -0.097225 0.915754 0.915754 0.915754
9686.998047 0.000000 5043.937012 0.000000 0.644306 0.000000 0.764768 0.696542 0.696542 0.696542
9686.929688 0.000000 4979.573242 0.000000 0.864231 0.000000 -0.503095 1.049248 1.049248 1.049248
9695.706055 0.000000 5010.255371 0.000000 0.170093 0.000000 -0.985428 1.346642 1.346642 1.346642
9676.404297 0.000000 4977.641113 0.000000 0.966630 0.000000 -0.256178 0.966359 0.966359 0.966359
9695.372070 0.000000 5011.686523 0.000000 0.844787 0.000000 -0.535103 1.080150 1.080150 1.080150
9687.459961 0.000000 5045.336914 0.000000 0.881139 0.000000 0.472858 0.712974 0.712974 0.712974
9457.188477 0.000000 5138.781738 0.000000 0.190425 0.000000 0.981702 0.881406 0.881406 0.881406
9461.040039 0.000000 5101.041992 0.000000 0.205646 0.000000 -0.978626 0.909192 0.909192 0.909192
9462.917969 0.000000 5151.038574 0.000000 0.150499 0.000000 -0.988610 0.915950 0.915950 0.915950
9465.285156 0.000000 5136.924316 0.000000 0.672705 0.000000 0.739911 0.892514 0.892514 0.892514
9458.255859 0.000000 5131.536133 0.000000 0.704307 0.000000 -0.709895 0.910641 0.910641 0.910641
9461.586914 0.000000 5139.767090 0.000000 0.555711 0.000000 0.831376 0.880150 0.880150 0.880150
9538.680664 0.000000 5094.229980 0.000000 0.209450 0.000000 0.977819 0.887779 0.887779 0.887779
9543.688477 0.000000 5116.045410 0.000000 0.881339 0.000000 -0.472485 0.959709 0.959709 0.959709
9480.500977 0.000000 5135.139648 0.000000 0.992475 0.000000 -0.122450 0.900827 0.900827 0.900827
9502.636719 0.000000 5135.941895 0.000000 0.446172 0.000000 0.894947 0.895019 0.895019 0.895019
9491.700195 0.000000 5101.034180 0.000000 0.972576 0.000000 -0.232584 0.905802 0.905802 0.905802
9557.712891 0.000000 5115.045410 0.000000 0.995525 0.000000 0.094496 0.889581 0.889581 0.889581
9509.711914 0.000000 5154.344238 0.000000 0.762373 0.000000 -0.647137 0.904744 0.904744 0.904744
9490.788086 0.000000 5110.353027 0.000000 0.049700 0.000000 -0.998764 0.917088 0.917088 0.917088
9480.055664 0.000000 5125.799316 0.000000 0.146923 0.000000 0.989148 0.890406 0.890406 0.890406
9468.108398 0.000000 5151.552734 0.000000 0.711393 0.000000 -0.702795 0.926266 0.926266 0.926266
9483.138672 0.000000 5152.470215 0.000000 0.151624 0.000000 0.988438 0.880876 0.880876 0.880876
9518.130859 0.000000 5151.677734 0.000000 0.998993 0.000000 0.044872 0.899597 0.899597 0.899597
9500.284180 0.000000 5127.455078 0.000000 0.936630 0.000000 0.350321 0.897587 0.897587 0.897587
9476.125000 0.000000 5155.757324 0.000000 0.905878 0.000000 -0.423539 0.912775 0.912775 0.912775
9475.812500 0.000000 5097.721191 0.000000 0.735617 0.000000 0.677398 0.894983 0.894983 0.894983
9522.295898 0.000000 5145.641602 0.000000 0.621420 0.000000 -0.783477 0.906068 0.906068 0.906068
9469.330078 0.000000 5144.316895 0.000000 0.162544 0.000000 0.986701 0.887350 0.887350 0.887350
9487.941406 0.000000 5135.199707 0.000000 0.952760 0.000000 -0.303724 0.903467 0.903467 0.903467
9480.742188 0.000000 5142.210449 0.000000 0.816945 0.000000 0.576715 0.891713 0.891713 0.891713
9543.201172 0.000000 5088.324219 0.000000 0.555557 0.000000 -0.831478 0.919853 0.919853 0.919853
9533.831055 0.000000 5099.702637 0.000000 0.569827 0.000000 -0.821765 0.958512 0.958512 0.958512
9506.642578 0.000000 5130.235840 0.000000 0.108551 0.000000 -0.994091 0.916425 0.916425 0.916425
9482.791992 0.000000 5098.379395 0.000000 0.782730 0.000000 0.622361 0.883397 0.883397 0.883397
9486.338867 0.000000 5104.838867 0.000000 0.833112 0.000000 -0.553105 0.914486 0.914486 0.914486
9495.731445 0.000000 5105.965332 0.000000 0.347765 0.000000 0.937582 0.717000 0.717000 0.717000
9512.744141 0.000000 5126.676758 0.000000 0.947702 0.000000 -0.319158 0.905109 0.905109 0.905109
9485.847656 0.000000 5128.138672 0.000000 0.872215 0.000000 -0.489123 0.906890 0.906890 0.906890
9497.158203 0.000000 5112.070801 0.000000 0.099568 0.000000 -0.995031 0.929748 0.929748 0.929748
9538.410156 0.000000 5119.113281 0.000000 0.659541 0.000000 -0.751668 0.968803 0.968803 0.968803
9511.271484 0.000000 5148.989258 0.000000 0.861340 0.000000 0.508029 0.892816 0.892816 0.892816
9481.379883 0.000000 5147.378418 0.000000 0.117763 0.000000 0.993042 0.870622 0.870622 0.870622
9485.596680 0.000000 5140.071289 0.000000 0.941301 0.000000 -0.337568 0.906189 0.906189 0.906189
9558.704102 0.000000 5109.973633 0.000000 0.393879 0.000000 -0.919162 0.973353 0.973353 0.973353
9492.657227 0.000000 5096.168945 0.000000 0.839687 0.000000 -0.543071 0.911609 0.911609 0.911609
9542.907227 0.000000 5076.946289 0.000000 0.226948 0.000000 -0.973907 0.999495 0.999495 0.999495
9473.507812 0.000000 5151.827637 0.000000 0.206725 0.000000 0.978399 0.847954 0.847954 0.847954
9513.597656 0.000000 5138.543945 0.000000 0.607378 0.000000 0.794413 0.869059 0.869059 0.869059
9514.727539 0.000000 5154.958008 0.000000 0.423303 0.000000 -0.905988 0.920379 0.920379 0.920379
9487.444336 0.000000 5098.881836 0.000000 0.962217 0.000000 0.272285 0.893804 0.893804 0.893804
9518.597656 0.000000 5142.802734 0.000000 0.654503 0.000000 -0.756060 1.027129 1.027129 1.027129
9538.693359 0.000000 5114.281738 0.000000 0.725086 0.000000 0.688658 0.722490 0.722490 0.722490
9478.731445 0.000000 5152.074707 0.000000 0.471968 0.000000 0.881616 0.870900 0.870900 0.870900
9490.670898 0.000000 5105.795410 0.000000 0.999766 0.000000 0.021609 0.898349 0.898349 0.898349
9518.699219 0.000000 5126.276367 0.000000 0.996073 0.000000 -0.088540 0.902390 0.902390 0.902390
9560.140625 0.000000 5141.071289 0.000000 0.361911 0.000000 -0.932213 0.986315 0.986315 0.986315
9520.375977 0.000000 5134.024414 0.000000 0.392379 0.000000 0.919804 0.847531 0.847531 0.847531
9471.559570 0.000000 5148.120117 0.000000 0.285741 0.000000 0.958307 0.859704 0.859704 0.859704
9554.047852 0.000000 5112.812012 0.000000 0.480030 0.000000 -0.877252 1.039456 1.039456 1.039456
9495.388672 0.000000 5099.260742 0.000000 0.330327 0.000000 0.943866 0.866724 0.866724 0.866724
9501.873047 0.000000 5103.893066 0.000000 0.476266 0.000000 0.879301 0.861375 0.861375 0.861375
9483.041992 0.000000 5102.313477 0.000000 0.025150 0.000000 -0.999684 0.941675 0.941675 0.941675
9528.112305 0.000000 5090.239746 0.000000 0.999648 0.000000 -0.026535 0.901908 0.901908 0.901908
9534.576172 0.000000 5095.875488 0.000000 0.597059 0.000000 -0.802197 1.021323 1.021323 1.021323
9510.722656 0.000000 5130.071289 0.000000 0.958217 0.000000 -0.286042 0.907822 0.907822 0.907822
9521.396484 0.000000 5139.820312 0.000000 0.158365 0.000000 0.987381 0.833386 0.833386 0.833386
9546.958984 0.000000 5076.250977 0.000000 0.516823 0.000000 -0.856092 0.939254 0.939254 0.939254
9516.208984 0.000000 5134.762695 0.000000 0.054549 0.000000 0.998511 0.808017 0.808017 0.808017
9494.512695 0.000000 5109.477051 0.000000 0.997795 0.000000 -0.066374 0.902239 0.902239 0.902239
9497.998047 0.000000 5108.630371 0.000000 0.983186 0.000000 -0.182605 0.906602 0.906602 0.906602
9470.680664 0.000000 5154.595703 0.000000 0.995950 0.000000 0.089912 0.896966 0.896966 0.896966
9494.778320 0.000000 5102.628418 0.000000 0.989192 0.000000 -0.146625 0.923806 0.923806 0.923806
9498.390625 0.000000 5103.795410 0.000000 0.999988 0.000000 0.004797 0.899806 0.899806 0.899806
9522.488281 0.000000 5136.647461 0.000000 0.130407 0.000000 -0.991461 0.961476 0.961476 0.961476
9542.676758 0.000000 5112.932129 0.000000 0.794102 0.000000 -0.607784 1.007151 1.007151 1.007151
9514.005859 0.000000 5130.230957 0.000000 0.838524 0.000000 0.544865 0.877990 0.877990 0.877990
9516.168945 0.000000 5140.488281 0.000000 0.931896 0.000000 -0.362725 0.972560 0.972560 0.972560
9540.522461 0.000000 5116.775391 0.000000 0.598616 0.000000 -0.801036 1.229812 1.229812 1.229812
9540.437500 0.000000 5078.847168 0.000000 0.978793 0.000000 0.204852 0.887947 0.887947 0.887947
9545.964844 0.000000 5114.021484 0.000000 0.907246 0.000000 -0.420600 0.973154 0.973154 0.973154
9554.867188 0.000000 5115.688965 0.000000 0.798439 0.000000 0.602076 0.844835 0.844835 0.844835
9537.278320 0.000000 5096.946289 0.000000 0.987971 0.000000 0.154640 0.879766 0.879766 0.879766
9556.873047 0.000000 5112.288574 0.000000 0.015965 0.000000 -0.999873 1.162015 1.162015 1.162015
9516.506836 0.000000 5144.533691 0.000000 0.520445 0.000000 0.853895 0.835613 0.835613 0.835613
9492.327148 0.000000 5103.710938 0.000000 0.027590 0.000000 0.999619 0.591400 0.591400 0.591400
9560.984375 0.000000 5069.382324 0.000000 0.820271 0.000000 0.571975 0.865796 0.865796 0.865796
9532.083984 0.000000 5095.348145 0.000000 0.912659 0.000000 -0.408721 0.967170 0.967170 0.967170
9544.939453 0.000000 5078.455078 0.000000 0.996394 0.000000 0.084851 0.892937 0.892937 0.892937
9536.466797 0.000000 5099.912598 0.000000 0.438513 0.000000 0.898725 0.749433 0.749433 0.749433
9518.925781 0.000000 5140.345215 0.000000 0.836774 0.000000 -0.547548 0.980719 0.980719 0.980719
9532.653320 0.000000 5091.415527 0.000000 0.396918 0.000000 -0.917854 1.095925 1.095925 1.095925
9560.700195 0.000000 5108.448242 0.000000 0.660884 0.000000 -0.750488 1.012523 1.012523 1.012523
9530.397461 0.000000 5090.868164 0.000000 0.950552 0.000000 0.310566 0.849622 0.849622 0.849622
9532.777344 0.000000 5097.579590 0.000000 0.942516 0.000000 -0.334160 0.955119 0.955119 0.955119
9534.281250 0.000000 5088.811523 0.000000 0.894042 0.000000 -0.447982 0.955316 0.955316 0.955316
9533.521484 0.000000 5093.584473 0.000000 0.993698 0.000000 0.112088 0.881071 0.881071 0.881071
9541.211914 0.000000 5114.622559 0.000000 0.983172 0.000000 -0.182684 0.963569 0.963569 0.963569
9535.313477 0.000000 5098.059570 0.000000 0.549577 0.000000 -0.835443 1.066653 1.066653 1.066653
9515.419922 0.000000 5142.583984 0.000000 0.245516 0.000000 -0.969393 1.012938 1.012938 1.012938
9540.435547 0.000000 5112.669922 0.000000 0.878942 0.000000 0.476929 0.856435 0.856435 0.856435
9561.387695 0.000000 5110.430176 0.000000 0.483862 0.000000 0.875144 0.720406 0.720406 0.720406
9493.849609 0.000000 5105.021973 0.000000 0.890913 0.000000 -0.454174 0.995336 0.995336 0.995336
9555.888672 0.000000 5113.998535 0.000000 0.901183 0.000000 0.433438 0.841577 0.841577 0.841577
9538.660156 0.000000 5117.185547 0.000000 0.380463 0.000000 -0.924796 1.205032 1.205032 1.205032
9542.326172 0.000000 5117.394043 0.000000 0.820506 0.000000 0.571638 0.826169 0.826169 0.826169
9544.024414 0.000000 5114.218750 0.000000 0.997072 0.000000 0.076473 0.887100 0.887100 0.887100
9544.910156 0.000000 5112.714355 0.000000 0.888375 0.000000 -0.459118 0.969665 0.969665 0.969665
9517.039062 0.000000 5141.960938 0.000000 0.627422 0.000000 -0.778679 1.074477 1.074477 1.074477
9492.269531 0.000000 5105.467285 0.000000 0.951791 0.000000 -0.306746 0.963047 0.963047 0.963047
9539.833984 0.000000 5115.373535 0.000000 0.760047 0.000000 -0.649868 1.065306 1.065306 1.065306
9542.239258 0.000000 5115.697754 0.000000 0.975524 0.000000 -0.219894 0.960774 0.960774 0.960774
9517.486328 0.000000 5140.015137 0.000000 0.973840 0.000000 0.227235 0.855189 0.855189 0.855189
9493.756836 0.000000 5103.595703 0.000000 0.435452 0.000000 -0.900212 1.124022 1.124022 1.124022
9517.453125 0.000000 5143.514648 0.000000 0.017146 0.000000 -0.999853 1.214180 1.214180 1.214180
9538.445312 0.000000 5115.841309 0.000000 0.995564 0.000000 -0.094082 0.922017 0.922017 0.922017
9542.455078 0.000000 5114.274414 0.000000 0.998860 0.000000 0.047742 0.886908 0.886908 0.886908
9541.177734 0.000000 5117.816406 0.000000 0.947448 0.000000 -0.319910 1.015603 1.015603 1.015603
9540.915039 0.000000 5115.741211 0.000000 0.574372 0.000000 0.818595 0.568179 0.568179 0.568179
9541.576172 0.000000 5116.610840 0.000000 0.275089 0.000000 -0.961419 1.358712 1.358712 1.358712
9468.499023 0.000000 5160.649902 0.000000 0.990177 0.000000 -0.139820 0.900945 0.900945 0.900945
9473.997070 0.000000 5157.657715 0.000000 0.863390 0.000000 -0.504537 0.917824 0.917824 0.917824
9479.352539 0.000000 5155.837402 0.000000 0.445677 0.000000 0.895194 0.880068 0.880068 0.880068
9469.087891 0.000000 5155.908691 0.000000 0.495701 0.000000 0.868493 0.869267 0.869267 0.869267
9601.210938 0.000000 5123.328125 0.000000 0.960929 0.000000 -0.276794 0.901890 0.901890 0.901890
9606.699219 0.000000 5114.542969 0.000000 0.879025 0.000000 -0.476775 0.908933 0.908933 0.908933
9584.530273 0.000000 5110.353027 0.000000 0.631281 0.000000 0.775554 0.892023 0.892023 0.892023
9562.188477 0.000000 5118.960938 0.000000 0.992000 0.000000 -0.126236 0.905119 0.905119 0.905119
9590.900391 0.000000 5112.070801 0.000000 0.851365 0.000000 -0.524574 0.917371 0.917371 0.917371
9579.338867 0.000000 5140.071289 0.000000 0.921712 0.000000 -0.387875 0.945645 0.945645 0.945645
9581.186523 0.000000 5098.881836 0.000000 0.589870 0.000000 -0.807498 0.938013 0.938013 0.938013
9583.875977 0.000000 5140.527832 0.000000 0.960933 0.000000 0.276782 0.887397 0.887397 0.887397
9565.946289 0.000000 5120.685547 0.000000 0.517105 0.000000 -0.855922 0.971557 0.971557 0.971557
9562.311523 0.000000 5108.147949 0.000000 0.636785 0.000000 0.771042 0.838672 0.838672 0.838672
9602.417969 0.000000 5126.921387 0.000000 0.918253 0.000000 -0.395995 0.916467 0.916467 0.916467
9564.480469 0.000000 5140.163086 0.000000 0.994343 0.000000 0.106214 0.893305 0.893305 0.893305
9562.857422 0.000000 5088.936035 0.000000 0.347894 0.000000 0.937534 0.826262 0.826262 0.826262
9584.810547 0.000000 5143.903320 0.000000 0.529519 0.000000 -0.848298 0.947787 0.947787 0.947787
9575.421875 0.000000 5064.344238 0.000000 0.529906 0.000000 0.848057 0.845411 0.845411 0.845411
9609.545898 0.000000 5127.634766 0.000000 0.999440 0.000000 -0.033459 0.901805 0.901805 0.901805
9565.440430 0.000000 5117.716797 0.000000 0.330932 0.000000 0.943654 0.847340 0.847340 0.847340
9581.561523 0.000000 5138.215820 0.000000 0.830516 0.000000 -0.556995 0.930530 0.930530 0.930530
9561.718750 0.000000 5141.334473 0.000000 0.995355 0.000000 -0.096278 0.906933 0.906933 0.906933
9581.418945 0.000000 5141.876953 0.000000 0.975192 0.000000 0.221360 0.875425 0.875425 0.875425
9582.612305 0.000000 5115.864258 0.000000 0.036913 0.000000 -0.999318 1.020626 1.020626 1.020626
9576.596680 0.000000 5079.668945 0.000000 0.962102 0.000000 -0.272689 0.927305 0.927305 0.927305
9590.899414 0.000000 5062.112305 0.000000 0.806108 0.000000 -0.591769 0.946954 0.946954 0.946954
9565.125977 0.000000 5087.326172 0.000000 0.952504 0.000000 -0.304526 0.922944 0.922944 0.922944
9564.431641 0.000000 5142.494629 0.000000 0.975896 0.000000 -0.218237 0.921256 0.921256 0.921256
9604.532227 0.000000 5127.772461 0.000000 0.200920 0.000000 0.979608 0.755481 0.755481 0.755481
9563.567383 0.000000 5110.003906 0.000000 0.180896 0.000000 0.983502 0.775172 0.775172 0.775172
9604.318359 0.000000 5114.794434 0.000000 0.903934 0.000000 0.427672 0.861275 0.861275 0.861275
9579.891602 0.000000 5064.611328 0.000000 0.190588 0.000000 -0.981670 1.033237 1.033237 1.033237
9577.279297 0.000000 5064.887695 0.000000 0.254234 0.000000 0.967143 0.702227 0.702227 0.702227
9575.091797 0.000000 5078.748535 0.000000 0.836924 0.000000 -0.547319 0.972873 0.972873 0.972873
9561.862305 0.000000 5109.999023 0.000000 0.576142 0.000000 -0.817349 1.026839 1.026839 1.026839
9574.466797 0.000000 5076.034668 0.000000 0.985486 0.000000 0.169755 0.869338 0.869338 0.869338
9718.410156 0.000000 5073.725098 0.000000 0.255244 0.000000 -0.966877 1.147757 1.147757 1.147757
9729.216797 0.000000 5150.557617 0.000000 0.636922 0.000000 -0.770928 0.909890 0.909890 0.909890
9745.431641 0.000000 5092.589844 0.000000 0.291048 0.000000 0.956709 0.874207 0.874207 0.874207
9716.139648 0.000000 5065.117676 0.000000 0.357291 0.000000 0.933993 0.818746 0.818746 0.818746
9704.765625 0.000000 5121.955566 0.000000 0.997983 0.000000 0.063478 0.897431 0.897431 0.897431
9670.623047 0.000000 5152.470215 0.000000 0.161771 0.000000 0.986828 0.792413 0.792413 0.792413
9745.750000 0.000000 5063.259277 0.000000 0.184905 0.000000 0.982756 0.703973 0.703973 0.703973
9710.267578 0.000000 5070.498535 0.000000 0.201558 0.000000 0.979477 0.669494 0.669494 0.669494
9663.609375 0.000000 5155.757324 0.000000 0.020297 0.000000 0.999794 0.656134 0.656134 0.656134
9715.948242 0.000000 5106.280762 0.000000 0.399862 0.000000 0.916575 0.769744 0.769744 0.769744
9746.666016 0.000000 5085.401367 0.000000 0.984189 0.000000 0.177122 0.885997 0.885997 0.885997
9700.228516 0.000000 5126.676758 0.000000 0.983209 0.000000 -0.182483 0.922678 0.922678 0.922678
9715.219727 0.000000 5125.824707 0.000000 0.857662 0.000000 -0.514214 0.991015 0.991015 0.991015
9687.520508 0.000000 5153.953125 0.000000 0.157233 0.000000 -0.987562 1.093654 1.093654 1.093654
9720.996094 0.000000 5068.279785 0.000000 0.654740 0.000000 -0.755854 0.930808 0.930808 0.930808
9736.841797 0.000000 5102.010742 0.000000 0.263704 0.000000 0.964604 0.680265 0.680265 0.680265
9740.921875 0.000000 5064.565430 0.000000 0.754410 0.000000 0.656403 0.875867 0.875867 0.875867
9715.134766 0.000000 5069.967285 0.000000 0.482775 0.000000 -0.875745 0.971921 0.971921 0.971921
9726.177734 0.000000 5114.281738 0.000000 0.386582 0.000000 0.922255 0.702182 0.702182 0.702182
9666.215820 0.000000 5152.074707 0.000000 0.972458 0.000000 -0.233078 0.922728 0.922728 0.922728
9719.522461 0.000000 5103.652344 0.000000 0.925078 0.000000 -0.379777 0.910503 0.910503 0.910503
9748.737305 0.000000 5089.253906 0.000000 0.697372 0.000000 0.716710 0.803047 0.803047 0.803047
9737.044922 0.000000 5109.202148 0.000000 0.653072 0.000000 0.757296 0.755216 0.755216 0.755216
9712.368164 0.000000 5115.560547 0.000000 0.577230 0.000000 0.816582 0.760456 0.760456 0.760456
9745.037109 0.000000 5081.431641 0.000000 0.973755 0.000000 -0.227599 0.911866 0.911866 0.911866
9712.604492 0.000000 5087.748047 0.000000 0.322999 0.000000 -0.946399 0.939066 0.939066 0.939066
9722.258789 0.000000 5074.501953 0.000000 0.410433 0.000000 -0.911891 0.982532 0.982532 0.982532
9738.702148 0.000000 5105.462402 0.000000 0.982214 0.000000 0.187764 0.892361 0.892361 0.892361
9715.596680 0.000000 5090.239746 0.000000 0.797633 0.000000 -0.603143 0.985828 0.985828 0.985828
9749.107422 0.000000 5093.834473 0.000000 0.198426 0.000000 -0.980116 1.131044 1.131044 1.131044
9738.200195 0.000000 5079.416504 0.000000 0.841621 0.000000 0.540069 0.867953 0.867953 0.867953
9745.162109 0.000000 5088.697266 0.000000 0.861013 0.000000 0.508583 0.882018 0.882018 0.882018
9742.337891 0.000000 5067.885254 0.000000 0.060715 0.000000 -0.998155 1.056074 1.056074 1.056074
9698.423828 0.000000 5123.661133 0.000000 0.760953 0.000000 -0.648807 0.922209 0.922209 0.922209
9706.811523 0.000000 5071.047363 0.000000 0.916329 0.000000 0.400425 0.858344 0.858344 0.858344
9716.049805 0.000000 5122.433594 0.000000 0.149852 0.000000 -0.988708 0.951063 0.951063 0.951063
9739.313477 0.000000 5099.481445 0.000000 0.126352 0.000000 -0.991985 1.198517 1.198517 1.198517
9702.095703 0.000000 5123.993652 0.000000 0.428527 0.000000 -0.903529 1.090076 1.090076 1.090076
9711.380859 0.000000 5107.428223 0.000000 0.752555 0.000000 0.658529 0.854774 0.854774 0.854774
9712.255859 0.000000 5127.116211 0.000000 0.667850 0.000000 -0.744296 0.949042 0.949042 0.949042
9718.367188 0.000000 5070.489746 0.000000 0.863816 0.000000 -0.503807 0.981859 0.981859 0.981859
9719.063477 0.000000 5107.200195 0.000000 0.669117 0.000000 -0.743157 1.018591 1.018591 1.018591
9742.599609 0.000000 5079.075684 0.000000 0.886678 0.000000 -0.462387 0.930241 0.930241 0.930241
9731.750000 0.000000 5152.374512 0.000000 0.144279 0.000000 0.989537 0.659693 0.659693 0.659693
9721.497070 0.000000 5071.495605 0.000000 0.928325 0.000000 0.371770 0.835809 0.835809 0.835809
9748.128906 0.000000 5065.227051 0.000000 0.997970 0.000000 -0.063679 0.905297 0.905297 0.905297
9689.970703 0.000000 5155.819336 0.000000 0.889589 0.000000 -0.456761 0.979936 0.979936 0.979936
9668.675781 0.000000 5150.289062 0.000000 0.511913 0.000000 -0.859037 1.074143 1.074143 1.074143
9675.303711 0.000000 5138.215820 0.000000 0.999386 0.000000 -0.035048 0.905907 0.905907 0.905907
9717.413086 0.000000 5067.790527 0.000000 0.338775 0.000000 -0.940867 0.982585 0.982585 0.982585
9714.173828 0.000000 5067.246582 0.000000 0.207208 0.000000 0.978297 0.673527 0.673527 0.673527
9715.315430 0.000000 5072.980957 0.000000 0.874190 0.000000 0.485584 0.814557 0.814557 0.814557
9714.806641 0.000000 5117.171387 0.000000 0.848163 0.000000 0.529736 0.805919 0.805919 0.805919
9739.687500 0.000000 5102.767578 0.000000 0.998748 0.000000 -0.050025 0.905735 0.905735 0.905735
9702.555664 0.000000 5120.165039 0.000000 0.416365 0.000000 -0.909198 0.997451 0.997451 0.997451
9744.158203 0.000000 5065.590820 0.000000 0.828491 0.000000 -0.560002 1.000165 1.000165 1.000165
9734.912109 0.000000 5099.796875 0.000000 0.657751 0.000000 0.753235 0.848254 0.848254 0.848254
9712.585938 0.000000 5072.124512 0.000000 0.906536 0.000000 -0.422129 0.922521 0.922521 0.922521
9697.000000 0.000000 5121.316406 0.000000 0.211899 0.000000 -0.977292 1.028086 1.028086 1.028086
9736.054688 0.000000 5104.619141 0.000000 0.664218 0.000000 0.747539 0.837394 0.837394 0.837394
9695.400391 0.000000 5116.142578 0.000000 0.791869 0.000000 -0.610691 0.939854 0.939854 0.939854
9741.918945 0.000000 5098.274414 0.000000 0.427976 0.000000 0.903790 0.717428 0.717428 0.717428
9717.732422 0.000000 5062.915039 0.000000 0.642683 0.000000 -0.766132 0.982366 0.982366 0.982366
9661.036133 0.000000 5154.554688 0.000000 0.789252 0.000000 -0.614069 1.002510 1.002510 1.002510
9749.076172 0.000000 5086.692871 0.000000 0.658438 0.000000 -0.752635 1.043586 1.043586 1.043586
9734.308594 0.000000 5108.944336 0.000000 0.716131 0.000000 0.697966 0.781963 0.781963 0.781963
9712.410156 0.000000 5069.055176 0.000000 0.994835 0.000000 0.101506 0.884007 0.884007 0.884007
9743.018555 0.000000 5063.068359 0.000000 0.795577 0.000000 0.605852 0.845893 0.845893 0.845893
9709.045898 0.000000 5064.941406 0.000000 0.906485 0.000000 -0.422238 0.959746 0.959746 0.959746
9747.784180 0.000000 5091.580566 0.000000 0.965578 0.000000 -0.260115 0.944344 0.944344 0.944344
9709.675781 0.000000 5067.850098 0.000000 0.512932 0.000000 0.858429 0.830423 0.830423 0.830423
9747.957031 0.000000 5062.213867 0.000000 0.868011 0.000000 -0.496545 0.932690 0.932690 0.932690
9710.112305 0.000000 5072.936035 0.000000 0.488369 0.000000 0.872637 0.747488 0.747488 0.747488
9715.331055 0.000000 5062.893066 0.000000 0.947926 0.000000 0.318492 0.864313 0.864313 0.864313
9716.827148 0.000000 5104.116211 0.000000 0.674353 0.000000 -0.738409 1.019457 1.019457 1.019457
9736.082031 0.000000 5107.010254 0.000000 0.414185 0.000000 0.910193 0.727818 0.727818 0.727818
9700.578125 0.000000 5122.221680 0.000000 0.323862 0.000000 0.946104 0.788465 0.788465 0.788465
9706.091797 0.000000 5073.284180 0.000000 0.958717 0.000000 0.284363 0.870846 0.870846 0.870846
9698.274414 0.000000 5127.772461 0.000000 0.551892 0.000000 0.833916 0.813583 0.813583 0.813583
9734.728516 0.000000 5102.765137 0.000000 0.619812 0.000000 0.784751 0.831070 0.831070 0.831070
9714.894531 0.000000 5088.119629 0.000000 0.270186 0.000000 -0.962808 1.112773 1.112773 1.112773
9723.368164 0.000000 5072.653320 0.000000 0.253301 0.000000 -0.967387 1.083148 1.083148 1.083148
9747.115234 0.000000 5087.558594 0.000000 0.920374 0.000000 0.391039 0.832297 0.832297 0.832297
9714.682617 0.000000 5127.861816 0.000000 0.073981 0.000000 -0.997260 1.145501 1.145501 1.145501
9727.919922 0.000000 5112.669922 0.000000 0.312870 0.000000 -0.949796 1.080123 1.080123 1.080123
9720.519531 0.000000 5073.312012 0.000000 0.964125 0.000000 0.265450 0.854724 0.854724 0.854724
9737.276367 0.000000 5099.760742 0.000000 0.998746 0.000000 -0.050065 0.906977 0.906977 0.906977
9740.650391 0.000000 5079.860840 0.000000 0.442969 0.000000 -0.896537 1.029911 1.029911 1.029911
9714.203125 0.000000 5114.593262 0.000000 0.537632 0.000000 0.843179 0.753489 0.753489 0.753489
9673.788086 0.000000 5136.627441 0.000000 0.134467 0.000000 0.990918 0.729003 0.729003 0.729003
9717.363281 0.000000 5126.026855 0.000000 0.968262 0.000000 -0.249939 0.926677 0.926677 0.926677
9711.499023 0.000000 5063.992676 0.000000 0.999995 0.000000 -0.003116 0.900679 0.900679 0.900679
9716.626953 0.000000 5071.473145 0.000000 0.438931 0.000000 0.898521 0.721903 0.721903 0.721903
9737.967773 0.000000 5103.657227 0.000000 0.945402 0.000000 0.325907 0.844057 0.844057 0.844057
9718.414062 0.000000 5105.318848 0.000000 0.966752 0.000000 0.255714 0.856424 0.856424 0.856424
9715.312500 0.000000 5108.152344 0.000000 0.052149 0.000000 0.998639 0.702093 0.702093 0.702093
9733.589844 0.000000 5151.668945 0.000000 0.053466 0.000000 -0.998570 1.114781 1.114781 1.114781
9700.189453 0.000000 5124.557129 0.000000 0.977692 0.000000 0.210044 0.864338 0.864338 0.864338
9702.628906 0.000000 5122.109375 0.000000 0.999379 0.000000 -0.035239 0.905940 0.905940 0.905940
9698.438477 0.000000 5125.700195 0.000000 0.538993 0.000000 0.842310 0.778479 0.778479 0.778479
9741.735352 0.000000 5083.648438 0.000000 0.781237 0.000000 -0.624234 0.987855 0.987855 0.987855
9708.309570 0.000000 5072.227539 0.000000 0.980815 0.000000 0.194940 0.866938 0.866938 0.866938
9716.673828 0.000000 5124.187500 0.000000 0.911716 0.000000 0.410821 0.854341 0.854341 0.854341
9742.313477 0.000000 5065.987305 0.000000 0.923300 0.000000 -0.384079 0.966431 0.966431 0.966431
9720.236328 0.000000 5070.107910 0.000000 0.312195 0.000000 0.950018 0.688799 0.688799 0.688799
9717.278320 0.000000 5107.552246 0.000000 0.481450 0.000000 -0.876474 1.029642 1.029642 1.029642
9730.525391 0.000000 5153.735840 0.000000 0.378965 0.000000 -0.925411 1.099207 1.099207 1.099207
9738.449219 0.000000 5101.111328 0.000000 0.958209 0.000000 0.286069 0.828946 0.828946 0.828946
9668.794922 0.000000 5152.806152 0.000000 0.968833 0.000000 0.247714 0.864004 0.864004 0.864004
9711.644531 0.000000 5073.859863 0.000000 0.539933 0.000000 -0.841708 1.043864 1.043864 1.043864
9688.647461 0.000000 5152.542969 0.000000 0.701745 0.000000 -0.712428 1.031844 1.031844 1.031844
9747.355469 0.000000 5093.303223 0.000000 0.656027 0.000000 -0.754738 1.007613 1.007613 1.007613
9673.145508 0.000000 5138.303711 0.000000 0.981207 0.000000 -0.192959 0.929668 0.929668 0.929668
9719.615234 0.000000 5071.770020 0.000000 0.443259 0.000000 -0.896394 1.072332 1.072332 1.072332
9713.470703 0.000000 5070.566406 0.000000 0.618303 0.000000 -0.785940 1.054407 1.054407 1.054407
9740.220703 0.000000 5098.008301 0.000000 0.781506 0.000000 0.623898 0.791008 0.791008 0.791008
9724.340820 0.000000 5112.241699 0.000000 0.936924 0.000000 -0.349533 0.953754 0.953754 0.953754
9689.180664 0.000000 5154.229980 0.000000 0.946681 0.000000 -0.322174 0.955278 0.955278 0.955278
9712.428711 0.000000 5067.322266 0.000000 0.992355 0.000000 -0.123413 0.920850 0.920850 0.920850
9730.972656 0.000000 5150.835449 0.000000 0.899183 0.000000 0.437574 0.830802 0.830802 0.830802
9737.880859 0.000000 5106.913086 0.000000 0.975483 0.000000 0.220075 0.866596 0.866596 0.866596
9743.665039 0.000000 5080.419922 0.000000 0.803039 0.000000 -0.595927 1.007584 1.007584 1.007584
9733.012695 0.000000 5153.538086 0.000000 0.125252 0.000000 -0.992125 1.127307 1.127307 1.127307
9735.561523 0.000000 5109.971680 0.000000 0.915593 0.000000 -0.402106 0.963226 0.963226 0.963226
9716.750000 0.000000 5073.666992 0.000000 0.409893 0.000000 0.912134 0.706465 0.706465 0.706465
9738.153320 0.000000 5098.384766 0.000000 0.828776 0.000000 -0.559580 1.022763 1.022763 1.022763
9742.031250 0.000000 5080.654785 0.000000 0.806584 0.000000 -0.591119 1.006578 1.006578 1.006578
9711.882812 0.000000 5070.733398 0.000000 0.221071 0.000000 -0.975258 1.127141 1.127141 1.127141
9740.895508 0.000000 5099.492188 0.000000 0.563352 0.000000 0.826217 0.742695 0.742695 0.742695
9727.318359 0.000000 5115.373535 0.000000 0.868469 0.000000 -0.495744 0.987408 0.987408 0.987408
9715.813477 0.000000 5066.658691 0.000000 0.993637 0.000000 0.112628 0.881234 0.881234 0.881234
9718.115234 0.000000 5071.994141 0.000000 0.820388 0.000000 0.571807 0.805629 0.805629 0.805629
9714.682617 0.000000 5071.589844 0.000000 0.998292 0.000000 -0.058425 0.913004 0.913004 0.913004
9662.553711 0.000000 5154.598633 0.000000 0.411770 0.000000 -0.911288 1.080309 1.080309 1.080309
9703.732422 0.000000 5123.264648 0.000000 0.477759 0.000000 -0.878491 1.080767 1.080767 1.080767
9742.789062 0.000000 5064.541504 0.000000 0.050347 0.000000 -0.998732 1.156218 1.156218 1.156218
9724.777344 0.000000 5115.136230 0.000000 0.917743 0.000000 0.397175 0.831171 0.831171 0.831171
9688.461914 0.000000 5155.675293 0.000000 0.318491 0.000000 -0.947926 1.110083 1.110083 1.110083
9669.937500 0.000000 5151.114746 0.000000 0.456778 0.000000 0.889581 0.715233 0.715233 0.715233
9710.126953 0.000000 5064.085938 0.000000 0.496976 0.000000 -0.867764 1.195097 1.195097 1.195097
9712.897461 0.000000 5063.536133 0.000000 0.134269 0.000000 -0.990945 1.242042 1.242042 1.242042
9711.825195 0.000000 5062.688965 0.000000 0.088781 0.000000 -0.996051 1.222978 1.222978 1.222978
9712.155273 0.000000 5065.076172 0.000000 0.736151 0.000000 0.676818 0.666143 0.666143 0.666143
9710.333008 0.000000 5065.294922 0.000000 0.799801 0.000000 -0.600265 1.080828 1.080828 1.080828
9622.553711 0.000000 5179.869141 0.000000 0.105009 0.000000 0.994471 0.830846 0.830846 0.830846
9652.923828 0.000000 5179.143555 0.000000 0.339712 0.000000 0.940530 0.723961 0.723961 0.723961
9654.511719 0.000000 5165.919922 0.000000 0.667379 0.000000 0.744718 0.883011 0.883011 0.883011
9610.149414 0.000000 5168.293945 0.000000 0.251966 0.000000 0.967736 0.678217 0.678217 0.678217
9621.854492 0.000000 5183.981934 0.000000 0.656046 0.000000 -0.754721 0.951883 0.951883 0.951883
9594.136719 0.000000 5186.490723 0.000000 0.684729 0.000000 0.728798 0.773403 0.773403 0.773403
9655.417969 0.000000 5169.317871 0.000000 0.333341 0.000000 -0.942806 0.988506 0.988506 0.988506
9654.169922 0.000000 5176.229004 0.000000 0.306396 0.000000 -0.951904 0.993381 0.993381 0.993381
9612.401367 0.000000 5169.824707 0.000000 0.923300 0.000000 -0.384079 0.933658 0.933658 0.933658
9596.848633 0.000000 5186.090332 0.000000 0.812687 0.000000 -0.582700 1.004825 1.004825 1.004825
9650.662109 0.000000 5177.553711 0.000000 0.710632 0.000000 0.703563 0.819340 0.819340 0.819340
9620.249023 0.000000 5179.856934 0.000000 0.408267 0.000000 0.912863 0.775945 0.775945 0.775945
9621.508789 0.000000 5178.032227 0.000000 0.957798 0.000000 0.287441 0.868556 0.868556 0.868556
9652.322266 0.000000 5176.750488 0.000000 0.274249 0.000000 -0.961659 1.117890 1.117890 1.117890
9597.127930 0.000000 5184.218262 0.000000 0.811006 0.000000 0.585038 0.805922 0.805922 0.805922
9595.277344 0.000000 5185.026855 0.000000 0.478202 0.000000 0.878250 0.750636 0.750636 0.750636
9597.131836 0.000000 5187.640137 0.000000 0.913477 0.000000 -0.406890 0.970617 0.970617 0.970617
9611.748047 0.000000 5168.387207 0.000000 0.972686 0.000000 0.232125 0.860523 0.860523 0.860523
9687.043945 0.000000 5156.344238 0.000000 0.493731 0.000000 -0.869615 0.982921 0.982921 0.982921
9658.833008 0.000000 5169.687012 0.000000 0.984569 0.000000 0.174995 0.884191 0.884191 0.884191
9661.481445 0.000000 5157.657715 0.000000 0.454610 0.000000 -0.890691 1.082708 1.082708 1.082708
9703.891602 0.000000 5168.293945 0.000000 0.310212 0.000000 -0.950667 1.069242 1.069242 1.069242
9655.469727 0.000000 5165.877930 0.000000 0.495955 0.000000 -0.868348 0.921271 0.921271 0.921271
9708.137695 0.000000 5168.018066 0.000000 0.782204 0.000000 -0.623022 0.964984 0.964984 0.964984
9685.758789 0.000000 5159.822754 0.000000 0.916506 0.000000 0.400020 0.830649 0.830649 0.830649
9700.302734 0.000000 5168.577637 0.000000 0.850172 0.000000 0.526506 0.806560 0.806560 0.806560
9658.588867 0.000000 5166.769043 0.000000 0.999494 0.000000 -0.031799 0.903645 0.903645 0.903645
9656.283203 0.000000 5168.579102 0.000000 0.856528 0.000000 0.516101 0.828110 0.828110 0.828110
9706.143555 0.000000 5169.824707 0.000000 0.257851 0.000000 0.966185 0.696903 0.696903 0.696903
9663.931641 0.000000 5156.702637 0.000000 0.498641 0.000000 -0.866808 1.076735 1.076735 1.076735
9655.707031 0.000000 5177.512207 0.000000 0.928144 0.000000 -0.372222 0.928280 0.928280 0.928280
9708.583008 0.000000 5170.182617 0.000000 0.500616 0.000000 -0.865670 1.010513 1.010513 1.010513
9684.659180 0.000000 5158.022949 0.000000 0.882400 0.000000 -0.470500 0.982549 0.982549 0.982549
9702.033203 0.000000 5167.812500 0.000000 0.999870 0.000000 0.016101 0.898046 0.898046 0.898046
9661.737305 0.000000 5155.848145 0.000000 0.815859 0.000000 -0.578250 0.995592 0.995592 0.995592
9686.375000 0.000000 5158.034668 0.000000 0.531361 0.000000 -0.847145 1.061219 1.061219 1.061219
9656.794922 0.000000 5167.009766 0.000000 0.756143 0.000000 -0.654406 1.020220 1.020220 1.020220
9700.582031 0.000000 5166.891602 0.000000 0.377840 0.000000 -0.925871 1.078141 1.078141 1.078141
9749.725586 0.000000 5066.907715 0.000000 0.992423 0.000000 0.122870 0.895295 0.895295 0.895295
9768.856445 0.000000 5144.779297 0.000000 0.970950 0.000000 -0.239284 0.922259 0.922259 0.922259
9751.996094 0.000000 5092.176758 0.000000 0.654006 0.000000 0.756489 0.811327 0.811327 0.811327
9767.074219 0.000000 5128.138672 0.000000 0.578230 0.000000 0.815874 0.739194 0.739194 0.739194
9769.126953 0.000000 5149.856445 0.000000 0.559298 0.000000 0.828966 0.869259 0.869259 0.869259
9766.308594 0.000000 5147.470703 0.000000 0.996889 0.000000 0.078820 0.886704 0.886704 0.886704
9749.340820 0.000000 5094.701660 0.000000 0.994593 0.000000 -0.103849 0.906545 0.906545 0.906545
9769.573242 0.000000 5128.569824 0.000000 0.949082 0.000000 0.315030 0.870476 0.870476 0.870476
9752.697266 0.000000 5111.719727 0.000000 0.309192 0.000000 -0.951000 1.111734 1.111734 1.111734
9749.515625 0.000000 5064.416504 0.000000 0.480427 0.000000 -0.877035 0.988926 0.988926 0.988926
9765.534180 0.000000 5129.912109 0.000000 0.987257 0.000000 0.159132 0.881328 0.881328 0.881328
9751.051758 0.000000 5110.003906 0.000000 0.670796 0.000000 0.741642 0.766711 0.766711 0.766711
9767.726562 0.000000 5130.234863 0.000000 0.047266 0.000000 0.998882 0.643262 0.643262 0.643262
9749.889648 0.000000 5086.836914 0.000000 0.741843 0.000000 -0.670574 1.023857 1.023857 1.023857
9768.282227 0.000000 5146.889648 0.000000 0.917626 0.000000 -0.397446 0.946837 0.946837 0.946837
9766.765625 0.000000 5145.373535 0.000000 0.446588 0.000000 -0.894740 1.049353 1.049353 1.049353
9751.267578 0.000000 5065.982422 0.000000 0.014153 0.000000 -0.999900 1.099364 1.099364 1.099364
9753.665039 0.000000 5113.029785 0.000000 0.040539 0.000000 -0.999178 1.150996 1.150996 1.150996
9766.493164 0.000000 5131.258301 0.000000 0.200468 0.000000 -0.979700 1.130693 1.130693 1.130693
9759.125000 0.000000 5162.692871 0.000000 0.685757 0.000000 0.727831 0.762633 0.762633 0.762633
9758.769531 0.000000 5167.593750 0.000000 0.214165 0.000000 -0.976797 1.000467 1.000467 1.000467
9763.654297 0.000000 5161.337891 0.000000 0.808132 0.000000 0.589001 0.793864 0.793864 0.793864
9761.118164 0.000000 5160.306152 0.000000 0.079816 0.000000 -0.996810 1.070844 1.070844 1.070844
9760.116211 0.000000 5165.178223 0.000000 0.119352 0.000000 0.992852 0.818485 0.818485 0.818485
9761.822266 0.000000 5163.159180 0.000000 0.846948 0.000000 0.531676 0.803014 0.803014 0.803014
9764.689453 0.000000 5163.595703 0.000000 0.956953 0.000000 -0.290242 0.925143 0.925143 0.925143
9758.529297 0.000000 5165.850098 0.000000 0.175553 0.000000 0.984470 0.665032 0.665032 0.665032
9758.859375 0.000000 5164.295898 0.000000 0.899400 0.000000 0.437127 0.823763 0.823763 0.823763
3557.022949 0.000000 6907.365234 0.000000 0.251848 0.000000 0.967767 0.829023 0.829023 0.829023
3541.349365 0.000000 6862.935547 0.000000 0.524168 0.000000 -0.851615 0.916028 0.916028 0.916028
3518.630615 0.000000 6932.779297 0.000000 0.279588 0.000000 0.960120 0.862395 0.862395 0.862395
3519.624023 0.000000 6880.666992 0.000000 0.872045 0.000000 -0.489425 0.921833 0.921833 0.921833
3524.669189 0.000000 6872.894531 0.000000 0.722873 0.000000 -0.690981 0.910284 0.910284 0.910284
3547.524170 0.000000 6861.084473 0.000000 0.139724 0.000000 0.990190 0.832497 0.832497 0.832497
3513.244141 0.000000 6907.778320 0.000000 0.985951 0.000000 0.167033 0.894344 0.894344 0.894344
3532.210449 0.000000 6902.327148 0.000000 0.031467 0.000000 0.999505 0.861954 0.861954 0.861954
3549.857666 0.000000 6883.112305 0.000000 0.948898 0.000000 0.315582 0.890622 0.890622 0.890622
3559.203857 0.000000 6891.075195 0.000000 0.900562 0.000000 0.434728 0.864632 0.864632 0.864632
3514.097656 0.000000 6919.645508 0.000000 0.534445 0.000000 0.845203 0.875113 0.875113 0.875113
3546.761230 0.000000 6901.542969 0.000000 0.705782 0.000000 0.708429 0.859315 0.859315 0.859315
3519.097656 0.000000 6923.904297 0.000000 0.659680 0.000000 -0.751546 0.961144 0.961144 0.961144
3536.834229 0.000000 6891.669434 0.000000 0.952902 0.000000 -0.303279 0.914539 0.914539 0.914539
3532.854492 0.000000 6865.409180 0.000000 0.300888 0.000000 0.953659 0.803348 0.803348 0.803348
3520.545654 0.000000 6888.810547 0.000000 0.975009 0.000000 0.222165 0.885905 0.885905 0.885905
3555.353516 0.000000 6848.986816 0.000000 0.998523 0.000000 0.054327 0.895603 0.895603 0.895603
3514.150391 0.000000 6888.062500 0.000000 0.317303 0.000000 0.948324 0.843921 0.843921 0.843921
3512.947510 0.000000 6933.463867 0.000000 0.707153 0.000000 0.707061 0.859415 0.859415 0.859415
3511.127686 0.000000 6898.046875 0.000000 0.451253 0.000000 0.892396 0.825675 0.825675 0.825675
3529.065186 0.000000 6903.535156 0.000000 0.978760 0.000000 -0.205009 0.907887 0.907887 0.907887
3560.919434 0.000000 6915.011230 0.000000 0.996574 0.000000 -0.082705 0.906883 0.906883 0.906883
3538.175781 0.000000 6921.435547 0.000000 0.000644 0.000000 1.000000 0.836497 0.836497 0.836497
3546.126221 0.000000 6914.309570 0.000000 0.630362 0.000000 0.776301 0.844084 0.844084 0.844084
3527.693359 0.000000 6926.166016 0.000000 0.453150 0.000000 -0.891434 0.951927 0.951927 0.951927
3545.439941 0.000000 6859.556641 0.000000 0.293000 0.000000 -0.956113 0.997283 0.997283 0.997283
3537.580078 0.000000 6889.480957 0.000000 0.770303 0.000000 0.637678 0.840960 0.840960 0.840960
3551.775391 0.000000 6910.524902 0.000000 0.923936 0.000000 -0.382548 0.932635 0.932635 0.932635
3557.546387 0.000000 6848.439453 0.000000 0.535172 0.000000 -0.844743 1.071803 1.071803 1.071803
3631.310547 0.000000 6838.324219 0.000000 0.456542 0.000000 -0.889702 0.964068 0.964068 0.964068
3575.069336 0.000000 6841.912109 0.000000 0.352876 0.000000 -0.935670 1.006044 1.006044 1.006044
3643.963379 0.000000 6837.052734 0.000000 0.636096 0.000000 0.771610 0.858413 0.858413 0.858413
3628.377441 0.000000 6838.612793 0.000000 0.652306 0.000000 0.757956 0.838153 0.838153 0.838153
3642.847900 0.000000 6844.281250 0.000000 0.920069 0.000000 -0.391756 0.910854 0.910854 0.910854
3593.801758 0.000000 6843.703613 0.000000 0.096388 0.000000 0.995344 0.870187 0.870187 0.870187
3563.247070 0.000000 6893.237305 0.000000 0.841166 0.000000 -0.540777 0.902568 0.902568 0.902568
3590.966064 0.000000 6856.404297 0.000000 0.991231 0.000000 0.132139 0.894342 0.894342 0.894342
3623.053467 0.000000 6867.228516 0.000000 0.400644 0.000000 -0.916234 0.949461 0.949461 0.949461
3585.030518 0.000000 6891.454590 0.000000 0.195077 0.000000 -0.980788 0.958677 0.958677 0.958677
3622.897217 0.000000 6846.219238 0.000000 0.995411 0.000000 -0.095690 0.901723 0.901723 0.901723
3611.523682 0.000000 6903.057129 0.000000 0.447808 0.000000 0.894130 0.765748 0.765748 0.765748
3624.616699 0.000000 6913.262695 0.000000 0.987747 0.000000 -0.156065 0.907042 0.907042 0.907042
3615.514648 0.000000 6867.163574 0.000000 0.013647 0.000000 -0.999907 1.036451 1.036451 1.036451
3563.572021 0.000000 6925.418457 0.000000 0.418054 0.000000 -0.908422 0.912802 0.912802 0.912802
3605.589355 0.000000 6877.839355 0.000000 0.853121 0.000000 0.521713 0.895067 0.895067 0.895067
3584.238281 0.000000 6902.890137 0.000000 0.138823 0.000000 0.990317 0.838887 0.838887 0.838887
3577.770508 0.000000 6891.991211 0.000000 0.929175 0.000000 0.369639 0.893194 0.893194 0.893194
3606.986328 0.000000 6907.778320 0.000000 0.083269 0.000000 -0.996527 0.923395 0.923395 0.923395
3603.841797 0.000000 6871.842773 0.000000 0.882706 0.000000 -0.469926 0.916488 0.916488 0.916488
3637.792480 0.000000 6847.991211 0.000000 0.999589 0.000000 -0.028678 0.902964 0.902964 0.902964
3580.089600 0.000000 6909.240234 0.000000 0.416990 0.000000 0.908911 0.841052 0.841052 0.841052
3644.273193 0.000000 6850.047363 0.000000 0.610785 0.000000 0.791797 0.871257 0.871257 0.871257
3641.415527 0.000000 6934.622559 0.000000 0.381519 0.000000 0.924361 0.873501 0.873501 0.873501
3570.793945 0.000000 6859.763184 0.000000 0.326683 0.000000 0.945134 0.830458 0.830458 0.830458
3575.622314 0.000000 6928.479980 0.000000 0.935054 0.000000 0.354506 0.867430 0.867430 0.867430
3647.679443 0.000000 6845.666992 0.000000 0.480225 0.000000 -0.877146 1.061063 1.061063 1.061063
3607.839844 0.000000 6919.645508 0.000000 0.475958 0.000000 -0.879468 0.926563 0.926563 0.926563
3562.238037 0.000000 6884.678223 0.000000 0.165190 0.000000 0.986262 0.821086 0.821086 0.821086
3633.104980 0.000000 6880.440430 0.000000 0.997868 0.000000 -0.065257 0.906309 0.906309 0.906309
3611.904541 0.000000 6885.760254 0.000000 0.981799 0.000000 -0.189923 0.906870 0.906870 0.906870
3641.820801 0.000000 6923.626953 0.000000 0.636903 0.000000 0.770944 0.862418 0.862418 0.862418
3617.869385 0.000000 6930.991211 0.000000 0.769389 0.000000 -0.638781 0.920240 0.920240 0.920240
3596.465576 0.000000 6912.616211 0.000000 0.596422 0.000000 -0.802671 0.964901 0.964901 0.964901
3586.287109 0.000000 6872.947266 0.000000 0.334762 0.000000 -0.942303 0.938674 0.938674 0.938674
3592.431152 0.000000 6918.075684 0.000000 0.528118 0.000000 -0.849171 0.941027 0.941027 0.941027
3583.154297 0.000000 6912.270508 0.000000 0.718908 0.000000 -0.695105 0.931084 0.931084 0.931084
3597.690674 0.000000 6880.650879 0.000000 0.757574 0.000000 0.652749 0.864844 0.864844 0.864844
3587.376465 0.000000 6900.627441 0.000000 0.526063 0.000000 0.850446 0.847452 0.847452 0.847452
3635.916504 0.000000 6877.828125 0.000000 0.902343 0.000000 -0.431018 0.920025 0.920025 0.920025
3616.728516 0.000000 6901.210938 0.000000 0.040688 0.000000 0.999172 0.838117 0.838117 0.838117
3640.899170 0.000000 6930.850098 0.000000 0.664845 0.000000 0.746981 0.826084 0.826084 0.826084
3566.690674 0.000000 6917.858398 0.000000 0.840390 0.000000 -0.541982 0.936036 0.936036 0.936036
3641.307373 0.000000 6870.209961 0.000000 0.325555 0.000000 -0.945523 1.036433 1.036433 1.036433
3608.765381 0.000000 6847.191406 0.000000 0.684215 0.000000 -0.729281 0.929381 0.929381 0.929381
3644.957764 0.000000 6860.518066 0.000000 0.999559 0.000000 -0.029696 0.901602 0.901602 0.901602
3571.722656 0.000000 6846.511719 0.000000 0.877461 0.000000 -0.479648 0.925852 0.925852 0.925852
3636.374512 0.000000 6900.606445 0.000000 0.490649 0.000000 0.871357 0.845326 0.845326 0.845326
3608.853516 0.000000 6905.095215 0.000000 0.326734 0.000000 0.945116 0.847151 0.847151 0.847151
3604.857910 0.000000 6926.884766 0.000000 0.149936 0.000000 0.988696 0.769159 0.769159 0.769159
3589.625488 0.000000 6930.349609 0.000000 0.846455 0.000000 0.532460 0.865936 0.865936 0.865936
3646.390625 0.000000 6852.668945 0.000000 0.924230 0.000000 0.381836 0.880634 0.880634 0.880634
3590.845459 0.000000 6859.659668 0.000000 0.763373 0.000000 0.645958 0.870019 0.870019 0.870019
3595.089600 0.000000 6919.684570 0.000000 0.643916 0.000000 -0.765096 0.945022 0.945022 0.945022
3610.866699 0.000000 6882.826660 0.000000 0.968401 0.000000 -0.249397 0.920388 0.920388 0.920388
3578.808105 0.000000 6868.609375 0.000000 0.561824 0.000000 0.827257 0.843088 0.843088 0.843088
3572.945312 0.000000 6898.734375 0.000000 0.902636 0.000000 -0.430404 0.939989 0.939989 0.939989
3614.488770 0.000000 6912.236328 0.000000 0.983638 0.000000 0.180154 0.888604 0.888604 0.888604
3624.489990 0.000000 6844.016602 0.000000 0.989897 0.000000 0.141785 0.891689 0.891689 0.891689
3646.536865 0.000000 6848.830566 0.000000 0.415141 0.000000 0.909757 0.787029 0.787029 0.787029
3588.011475 0.000000 6932.371582 0.000000 0.390009 0.000000 0.920811 0.789573 0.789573 0.789573
3645.668701 0.000000 6844.102539 0.000000 0.838873 0.000000 -0.544327 0.940092 0.940092 0.940092
3630.227539 0.000000 6850.943848 0.000000 0.869179 0.000000 -0.494498 0.945327 0.945327 0.945327
3628.620605 0.000000 6890.047363 0.000000 0.864437 0.000000 -0.502742 0.957996 0.957996 0.957996
3570.979980 0.000000 6906.614258 0.000000 0.413557 0.000000 0.910478 0.812571 0.812571 0.812571
3566.544678 0.000000 6843.237305 0.000000 0.955394 0.000000 0.295334 0.868339 0.868339 0.868339
3611.191895 0.000000 6848.186523 0.000000 0.538923 0.000000 -0.842355 0.985522 0.985522 0.985522
3587.878174 0.000000 6870.975586 0.000000 0.870743 0.000000 -0.491739 0.939273 0.939273 0.939273
3641.376221 0.000000 6928.541504 0.000000 0.332741 0.000000 0.943018 0.725663 0.725663 0.725663
3642.439453 0.000000 6932.530762 0.000000 0.203836 0.000000 -0.979005 1.041136 1.041136 1.041136
3622.958252 0.000000 6927.178223 0.000000 0.129068 0.000000 -0.991636 1.175281 1.175281 1.175281
3624.290771 0.000000 6922.400879 0.000000 0.226630 0.000000 -0.973981 1.068881 1.068881 1.068881
3551.430664 0.000000 7013.625488 0.000000 0.300272 0.000000 -0.953854 0.945507 0.945507 0.945507
3510.010742 0.000000 6948.155762 0.000000 0.954172 0.000000 0.299258 0.899317 0.899317 0.899317
3523.167725 0.000000 6985.462891 0.000000 0.509225 0.000000 -0.860633 0.902329 0.902329 0.902329
3535.680420 0.000000 7000.362305 0.000000 0.967868 0.000000 0.251458 0.898858 0.898858 0.898858
3541.349365 0.000000 6956.677734 0.000000 0.923175 0.000000 0.384379 0.893795 0.893795 0.893795
3526.834717 0.000000 6994.705078 0.000000 0.272570 0.000000 0.962136 0.868000 0.868000 0.868000
3559.662598 0.000000 6952.595215 0.000000 0.694379 0.000000 0.719610 0.858490 0.858490 0.858490
3550.531006 0.000000 6943.789551 0.000000 0.695820 0.000000 -0.718216 0.968411 0.968411 0.968411
3549.883057 0.000000 7000.747559 0.000000 0.362896 0.000000 0.931830 0.840711 0.840711 0.840711
3515.989502 0.000000 6961.939453 0.000000 0.963457 0.000000 0.267861 0.880503 0.880503 0.880503
3532.738281 0.000000 6985.176270 0.000000 0.661053 0.000000 -0.750339 0.926693 0.926693 0.926693
3543.406738 0.000000 6951.790039 0.000000 0.642469 0.000000 -0.766311 0.949043 0.949043 0.949043
3546.761230 0.000000 6995.285156 0.000000 0.763620 0.000000 -0.645666 0.923656 0.923656 0.923656
3539.362793 0.000000 6974.182617 0.000000 0.924540 0.000000 -0.381086 0.933382 0.933382 0.933382
3532.538330 0.000000 6978.496094 0.000000 0.978581 0.000000 0.205864 0.894409 0.894409 0.894409
3553.920410 0.000000 6998.292480 0.000000 0.998812 0.000000 0.048727 0.897700 0.897700 0.897700
3559.554932 0.000000 6976.476562 0.000000 0.967484 0.000000 -0.252931 0.909767 0.909767 0.909767
3515.023193 0.000000 6940.933594 0.000000 0.010882 0.000000 0.999941 0.773821 0.773821 0.773821
3529.458008 0.000000 6957.347168 0.000000 0.853481 0.000000 -0.521123 0.930792 0.930792 0.930792
3513.318359 0.000000 6949.679199 0.000000 0.999985 0.000000 0.005395 0.899636 0.899636 0.899636
3514.005371 0.000000 6958.320312 0.000000 0.716966 0.000000 0.697109 0.875736 0.875736 0.875736
3539.498535 0.000000 6981.933105 0.000000 0.114941 0.000000 -0.993372 0.968682 0.968682 0.968682
3524.395996 0.000000 6982.271973 0.000000 0.816751 0.000000 -0.576990 0.935930 0.935930 0.935930
3534.266602 0.000000 6993.667480 0.000000 0.925600 0.000000 0.378503 0.885173 0.885173 0.885173
3557.372559 0.000000 6987.132324 0.000000 0.348307 0.000000 -0.937381 0.960061 0.960061 0.960061
3541.315918 0.000000 7009.964844 0.000000 0.798581 0.000000 -0.601888 0.974010 0.974010 0.974010
3551.404785 0.000000 7010.788086 0.000000 0.218539 0.000000 -0.975828 1.018341 1.018341 1.018341
3549.278320 0.000000 7012.090820 0.000000 0.217966 0.000000 0.975956 0.763393 0.763393 0.763393
3545.166504 0.000000 6950.103027 0.000000 0.225554 0.000000 -0.974231 1.023747 1.023747 1.023747
3529.344238 0.000000 6950.243652 0.000000 0.831850 0.000000 0.555001 0.860340 0.860340 0.860340
3532.093994 0.000000 6993.862793 0.000000 0.960140 0.000000 0.279520 0.871356 0.871356 0.871356
3525.243652 0.000000 6999.747070 0.000000 0.567490 0.000000 0.823381 0.821753 0.821753 0.821753
3540.583740 0.000000 7008.015625 0.000000 0.660097 0.000000 0.751180 0.802615 0.802615 0.802615
3578.869385 0.000000 6938.080078 0.000000 0.639207 0.000000 -0.769035 0.923655 0.923655 0.923655
3587.197510 0.000000 6962.443848 0.000000 0.974061 0.000000 0.226285 0.897436 0.897436 0.897436
3586.286865 0.000000 7003.376465 0.000000 0.910132 0.000000 -0.414320 0.925916 0.925916 0.925916
3625.168213 0.000000 6948.568848 0.000000 0.252386 0.000000 0.967627 0.864526 0.864526 0.864526
3574.743164 0.000000 7009.983398 0.000000 0.198232 0.000000 -0.980155 0.961621 0.961621 0.961621
3562.539062 0.000000 6973.374023 0.000000 0.556919 0.000000 -0.830567 0.985887 0.985887 0.985887
3562.935059 0.000000 7011.812500 0.000000 0.129062 0.000000 0.991637 0.848182 0.848182 0.848182
3614.235840 0.000000 6953.254395 0.000000 0.907269 0.000000 -0.420552 0.919505 0.919505 0.919505
3640.600830 0.000000 6981.203613 0.000000 0.481976 0.000000 0.876184 0.820819 0.820819 0.820819
3585.030518 0.000000 6985.196777 0.000000 0.998238 0.000000 0.059335 0.899333 0.899333 0.899333
3574.297607 0.000000 7000.643066 0.000000 0.619740 0.000000 -0.784807 0.916220 0.916220 0.916220
3579.566895 0.000000 6959.529785 0.000000 0.927172 0.000000 -0.374636 0.903451 0.903451 0.903451
3617.025635 0.000000 6945.342285 0.000000 0.563807 0.000000 -0.825906 0.952405 0.952405 0.952405
3596.595459 0.000000 6944.695801 0.000000 0.332281 0.000000 0.943181 0.872317 0.872317 0.872317
3580.031982 0.000000 6945.604980 0.000000 0.094618 0.000000 -0.995514 0.936481 0.936481 0.936481
3605.589355 0.000000 6971.581543 0.000000 0.462811 0.000000 0.886457 0.824103 0.824103 0.824103
3628.072998 0.000000 6974.546387 0.000000 0.626685 0.000000 0.779272 0.851817 0.851817 0.851817
3607.280762 0.000000 6953.520996 0.000000 0.514685 0.000000 0.857380 0.869910 0.869910 0.869910
3591.268799 0.000000 7007.773926 0.000000 0.903577 0.000000 -0.428426 0.904974 0.904974 0.904974
3641.266357 0.000000 6954.826660 0.000000 0.566578 0.000000 -0.824008 1.013152 1.013152 1.013152
3603.841797 0.000000 6965.584961 0.000000 0.019760 0.000000 -0.999805 0.917425 0.917425 0.917425
3614.907471 0.000000 6991.561523 0.000000 0.992414 0.000000 0.122941 0.891969 0.891969 0.891969
3595.933350 0.000000 6964.185547 0.000000 0.848708 0.000000 0.528862 0.867445 0.867445 0.867445
3632.652588 0.000000 6993.957031 0.000000 0.963937 0.000000 0.266130 0.890921 0.890921 0.890921
3632.055176 0.000000 6952.087402 0.000000 0.797988 0.000000 0.602674 0.873839 0.873839 0.873839
3647.489990 0.000000 6970.678711 0.000000 0.674334 0.000000 -0.738427 0.929865 0.929865 0.929865
3625.952637 0.000000 6996.069336 0.000000 0.938511 0.000000 0.345250 0.862774 0.862774 0.862774
3570.149170 0.000000 6965.358887 0.000000 0.015190 0.000000 0.999885 0.819609 0.819609 0.819609
3572.946533 0.000000 7005.377441 0.000000 0.425110 0.000000 0.905142 0.836429 0.836429 0.836429
3627.098633 0.000000 6937.026367 0.000000 0.608282 0.000000 -0.793721 0.930903 0.930903 0.930903
3586.730469 0.000000 7008.719238 0.000000 0.955937 0.000000 0.293570 0.885941 0.885941 0.885941
3649.548340 0.000000 6950.680664 0.000000 0.868495 0.000000 0.495697 0.859214 0.859214 0.859214
3606.011230 0.000000 6944.296875 0.000000 0.998642 0.000000 -0.052098 0.902576 0.902576 0.902576
3622.354004 0.000000 6965.083496 0.000000 0.369541 0.000000 -0.929214 0.937505 0.937505 0.937505
3608.765381 0.000000 6940.933594 0.000000 0.444457 0.000000 0.895800 0.850109 0.850109 0.850109
3623.200195 0.000000 6957.347168 0.000000 0.998717 0.000000 0.050644 0.896585 0.896585 0.896585
3607.892578 0.000000 6981.804688 0.000000 0.980358 0.000000 0.197226 0.887510 0.887510 0.887510
3583.742920 0.000000 6961.927246 0.000000 0.183574 0.000000 -0.983006 0.987208 0.987208 0.987208
3622.807373 0.000000 6997.277344 0.000000 0.392502 0.000000 -0.919751 0.941970 0.941970 0.941970
3612.376465 0.000000 6959.841797 0.000000 0.713760 0.000000 -0.700390 0.927895 0.927895 0.927895
3598.624268 0.000000 6997.311523 0.000000 0.977384 0.000000 0.211474 0.887552 0.887552 0.887552
3567.642578 0.000000 6953.103027 0.000000 0.377583 0.000000 0.925976 0.841492 0.841492 0.841492
3634.679199 0.000000 6953.690918 0.000000 0.700446 0.000000 -0.713705 0.937501 0.937501 0.937501
3593.208740 0.000000 6965.126465 0.000000 0.987929 0.000000 0.154910 0.890914 0.890914 0.890914
3648.057617 0.000000 6948.438477 0.000000 0.844000 0.000000 0.536343 0.854209 0.854209 0.854209
3577.096436 0.000000 6954.512695 0.000000 0.567392 0.000000 0.823448 0.836960 0.836960 0.836960
3646.536865 0.000000 6942.572754 0.000000 0.267694 0.000000 0.963504 0.826987 0.826987 0.826987
3585.038330 0.000000 6993.239746 0.000000 0.231488 0.000000 0.972838 0.818878 0.818878 0.818878
3597.177979 0.000000 6947.217773 0.000000 0.363807 0.000000 -0.931475 1.045410 1.045410 1.045410
3581.201660 0.000000 6961.725098 0.000000 0.552697 0.000000 -0.833382 0.966409 0.966409 0.966409
3562.465088 0.000000 6958.613770 0.000000 0.907643 0.000000 0.419742 0.867882 0.867882 0.867882
3589.768555 0.000000 6962.129395 0.000000 0.999998 0.000000 0.001803 0.899874 0.899874 0.899874
3616.870605 0.000000 6947.779785 0.000000 0.990452 0.000000 0.137861 0.890677 0.890677 0.890677
3635.454102 0.000000 6989.466309 0.000000 0.456756 0.000000 0.889592 0.801456 0.801456 0.801456
3586.667725 0.000000 6983.778320 0.000000 0.874764 0.000000 0.484548 0.840898 0.840898 0.840898
3627.277832 0.000000 6948.155762 0.000000 0.788746 0.000000 -0.614719 0.971400 0.971400 0.971400
3613.753174 0.000000 6961.479492 0.000000 0.067032 0.000000 -0.997751 1.095964 1.095964 1.095964
3605.641846 0.000000 6966.603027 0.000000 0.011711 0.000000 -0.999931 1.159229 1.159229 1.159229
3565.364746 0.000000 6990.892090 0.000000 0.195950 0.000000 -0.980614 1.103694 1.103694 1.103694
3645.346436 0.000000 6952.025391 0.000000 0.976426 0.000000 0.215850 0.857471 0.857471 0.857471
3656.098877 0.000000 6969.545410 0.000000 0.820721 0.000000 0.571329 0.879504 0.879504 0.879504
3657.472412 0.000000 6971.420898 0.000000 0.394371 0.000000 0.918951 0.803113 0.803113 0.803113
3657.296875 0.000000 6977.483398 0.000000 0.064658 0.000000 -0.997907 1.201179 1.201179 1.201179
"}
