object={
	name="tree_leaf_quelthalas_high_generator_3_0"
	render_pass=Map
	clamp_to_water_level=no
	generated_content=yes
	layer="tree_high_layer"
	pdxmesh="tree_leaf_quelthalas_c_mesh"
	count=92
	transform="10717.322266 0.000000 9366.984375 0.000000 0.642279 0.000000 -0.766471 0.819884 0.819884 0.819884
10720.263672 0.000000 9326.529297 0.000000 0.274872 0.000000 0.961481 0.755863 0.755863 0.755863
10741.112305 0.000000 9347.750977 0.000000 0.998124 0.000000 -0.061225 0.802753 0.802753 0.802753
10745.671875 0.000000 9371.230469 0.000000 0.963223 0.000000 -0.268702 0.815159 0.815159 0.815159
10726.117188 0.000000 9341.726562 0.000000 0.095070 0.000000 -0.995471 0.861005 0.861005 0.861005
10732.483398 0.000000 9362.423828 0.000000 0.504499 0.000000 -0.863412 0.852444 0.852444 0.852444
10703.267578 0.000000 9335.870117 0.000000 0.909536 0.000000 -0.415625 0.814639 0.814639 0.814639
10699.149414 0.000000 9353.538086 0.000000 0.560944 0.000000 0.827854 0.785976 0.785976 0.785976
10721.285156 0.000000 9354.339844 0.000000 0.108096 0.000000 -0.994141 0.833299 0.833299 0.833299
10706.278320 0.000000 9363.177734 0.000000 0.283680 0.000000 0.958919 0.774628 0.774628 0.774628
10731.918945 0.000000 9321.881836 0.000000 0.962583 0.000000 -0.270986 0.809208 0.809208 0.809208
10738.641602 0.000000 9296.808594 0.000000 0.924213 0.000000 -0.381878 0.809626 0.809626 0.809626
10731.605469 0.000000 9332.941406 0.000000 0.399091 0.000000 -0.916911 0.843798 0.843798 0.843798
10731.581055 0.000000 9351.778320 0.000000 0.988565 0.000000 -0.150794 0.806802 0.806802 0.806802
10713.096680 0.000000 9357.312500 0.000000 0.991419 0.000000 0.130720 0.799136 0.799136 0.799136
10735.929688 0.000000 9340.353516 0.000000 0.903256 0.000000 -0.429101 0.818601 0.818601 0.818601
10694.302734 0.000000 9336.198242 0.000000 0.922420 0.000000 -0.386187 0.808552 0.808552 0.808552
10724.264648 0.000000 9362.216797 0.000000 0.550779 0.000000 0.834651 0.773374 0.773374 0.773374
10718.932617 0.000000 9345.853516 0.000000 0.033194 0.000000 0.999449 0.781574 0.781574 0.781574
10723.828125 0.000000 9334.291992 0.000000 0.987033 0.000000 -0.160517 0.805120 0.805120 0.805120
10740.944336 0.000000 9364.040039 0.000000 0.981960 0.000000 0.189090 0.789969 0.789969 0.789969
10739.920898 0.000000 9304.460938 0.000000 0.574309 0.000000 -0.818638 0.811493 0.811493 0.811493
10706.589844 0.000000 9353.598633 0.000000 0.540118 0.000000 0.841589 0.784418 0.784418 0.784418
10692.123047 0.000000 9350.074219 0.000000 0.495752 0.000000 -0.868464 0.813238 0.813238 0.813238
10699.390625 0.000000 9360.608398 0.000000 0.437350 0.000000 -0.899291 0.812059 0.812059 0.812059
10724.929688 0.000000 9320.770508 0.000000 0.716524 0.000000 0.697562 0.775022 0.775022 0.775022
10737.772461 0.000000 9317.963867 0.000000 0.916948 0.000000 -0.399007 0.813526 0.813526 0.813526
10729.995117 0.000000 9315.135742 0.000000 0.071175 0.000000 -0.997464 0.844925 0.844925 0.844925
10727.257812 0.000000 9327.410156 0.000000 0.339712 0.000000 -0.940530 0.842543 0.842543 0.842543
10734.737305 0.000000 9287.755859 0.000000 0.878183 0.000000 -0.478326 0.809862 0.809862 0.809862
10725.291016 0.000000 9348.634766 0.000000 0.915519 0.000000 0.402274 0.782140 0.782140 0.782140
10736.899414 0.000000 9356.148438 0.000000 0.312005 0.000000 -0.950080 0.860836 0.860836 0.860836
10727.517578 0.000000 9356.691406 0.000000 0.887295 0.000000 -0.461203 0.807755 0.807755 0.807755
10731.392578 0.000000 9345.075195 0.000000 0.997391 0.000000 -0.072185 0.803117 0.803117 0.803117
10739.313477 0.000000 9335.116211 0.000000 0.994974 0.000000 -0.100138 0.802705 0.802705 0.802705
10746.383789 0.000000 9344.223633 0.000000 0.555267 0.000000 0.831672 0.754689 0.754689 0.754689
10748.069336 0.000000 9361.380859 0.000000 0.164663 0.000000 0.986350 0.725898 0.725898 0.725898
10718.649414 0.000000 9359.973633 0.000000 0.530412 0.000000 0.847740 0.779996 0.779996 0.779996
10719.996094 0.000000 9340.016602 0.000000 0.985141 0.000000 0.171748 0.793174 0.793174 0.793174
10729.919922 0.000000 9367.387695 0.000000 0.935577 0.000000 -0.353122 0.817516 0.817516 0.817516
10730.681641 0.000000 9338.660156 0.000000 0.448737 0.000000 0.893664 0.754960 0.754960 0.754960
10736.009766 0.000000 9348.930664 0.000000 0.553824 0.000000 -0.832633 0.844801 0.844801 0.844801
10704.245117 0.000000 9358.469727 0.000000 0.812800 0.000000 0.582543 0.788822 0.788822 0.788822
10698.864258 0.000000 9338.541016 0.000000 0.000263 0.000000 1.000000 0.744480 0.744480 0.744480
10694.297852 0.000000 9341.520508 0.000000 0.535487 0.000000 -0.844543 0.836156 0.836156 0.836156
10746.553711 0.000000 9366.241211 0.000000 0.685851 0.000000 0.727742 0.762398 0.762398 0.762398
10732.246094 0.000000 9356.942383 0.000000 0.763975 0.000000 0.645246 0.765962 0.765962 0.765962
10737.246094 0.000000 9361.201172 0.000000 0.939961 0.000000 -0.341282 0.817529 0.817529 0.817529
10736.310547 0.000000 9323.056641 0.000000 0.874910 0.000000 -0.484285 0.817872 0.817872 0.817872
10735.925781 0.000000 9365.575195 0.000000 0.074435 0.000000 -0.997226 0.877999 0.877999 0.877999
10723.373047 0.000000 9329.793945 0.000000 0.373994 0.000000 0.927431 0.758733 0.758733 0.758733
10742.275391 0.000000 9368.288086 0.000000 0.616549 0.000000 0.787316 0.750033 0.750033 0.750033
10720.872070 0.000000 9349.913086 0.000000 0.541259 0.000000 0.840856 0.756909 0.756909 0.756909
10709.319336 0.000000 9324.194336 0.000000 0.029127 0.000000 0.999576 0.751966 0.751966 0.751966
10737.347656 0.000000 9344.674805 0.000000 0.418411 0.000000 0.908258 0.749494 0.749494 0.749494
10725.524414 0.000000 9352.931641 0.000000 0.600358 0.000000 -0.799731 0.841651 0.841651 0.841651
10734.711914 0.000000 9335.875000 0.000000 0.364173 0.000000 0.931331 0.752623 0.752623 0.752623
10725.941406 0.000000 9316.619141 0.000000 0.008279 0.000000 0.999966 0.752253 0.752253 0.752253
10728.362305 0.000000 9360.963867 0.000000 0.252377 0.000000 -0.967629 0.865429 0.865429 0.865429
10733.324219 0.000000 9317.798828 0.000000 0.610908 0.000000 -0.791702 0.829012 0.829012 0.829012
10727.371094 0.000000 9331.739258 0.000000 0.995350 0.000000 -0.096324 0.803468 0.803468 0.803468
10743.532227 0.000000 9333.958984 0.000000 0.917015 0.000000 -0.398853 0.816470 0.816470 0.816470
10745.456055 0.000000 9348.337891 0.000000 0.999370 0.000000 -0.035488 0.801659 0.801659 0.801659
10731.152344 0.000000 9328.727539 0.000000 0.821202 0.000000 -0.570637 0.821832 0.821832 0.821832
10726.559570 0.000000 9337.480469 0.000000 0.795372 0.000000 -0.606121 0.825751 0.825751 0.825751
10720.521484 0.000000 9322.291992 0.000000 0.181662 0.000000 -0.983361 0.844913 0.844913 0.844913
10724.166016 0.000000 9324.849609 0.000000 0.197110 0.000000 -0.980381 0.846871 0.846871 0.846871
10743.975586 0.000000 9361.338867 0.000000 0.999296 0.000000 -0.037530 0.801934 0.801934 0.801934
10727.945312 0.000000 9323.456055 0.000000 0.871543 0.000000 0.490320 0.782805 0.782805 0.782805
10726.291992 0.000000 9365.756836 0.000000 0.446338 0.000000 -0.894864 0.854445 0.854445 0.854445
10729.160156 0.000000 9319.086914 0.000000 0.732649 0.000000 0.680607 0.776228 0.776228 0.776228
10729.371094 0.000000 9348.469727 0.000000 0.569955 0.000000 -0.821676 0.843336 0.843336 0.843336
10740.044922 0.000000 9358.218750 0.000000 0.591965 0.000000 -0.805964 0.847175 0.847175 0.847175
10727.324219 0.000000 9345.319336 0.000000 0.999016 0.000000 0.044354 0.798113 0.798113 0.798113
10706.848633 0.000000 9336.805664 0.000000 0.295144 0.000000 -0.955453 0.844938 0.844938 0.844938
10733.500000 0.000000 9368.397461 0.000000 0.729240 0.000000 -0.684258 0.840186 0.840186 0.840186
10734.857422 0.000000 9353.161133 0.000000 0.112578 0.000000 -0.993643 0.868139 0.868139 0.868139
10729.587891 0.000000 9342.059570 0.000000 0.955933 0.000000 -0.293585 0.812319 0.812319 0.812319
10738.980469 0.000000 9367.375000 0.000000 0.898756 0.000000 0.438449 0.775525 0.775525 0.775525
10733.259766 0.000000 9342.391602 0.000000 0.885750 0.000000 -0.464163 0.820534 0.820534 0.820534
10732.654297 0.000000 9348.629883 0.000000 0.969044 0.000000 -0.246889 0.811211 0.811211 0.811211
10729.264648 0.000000 9364.181641 0.000000 0.550405 0.000000 0.834898 0.749092 0.749092 0.749092
10728.687500 0.000000 9353.673828 0.000000 0.342325 0.000000 -0.939581 0.856351 0.856351 0.856351
10743.419922 0.000000 9345.514648 0.000000 0.866012 0.000000 -0.500024 0.823531 0.823531 0.823531
10734.817383 0.000000 9358.886719 0.000000 0.292452 0.000000 -0.956280 0.862595 0.862595 0.862595
10718.673828 0.000000 9352.346680 0.000000 0.962305 0.000000 -0.271973 0.812213 0.812213 0.812213
10732.586914 0.000000 9365.494141 0.000000 0.405431 0.000000 -0.914126 0.859430 0.859430 0.859430
10743.641602 0.000000 9365.549805 0.000000 0.700876 0.000000 -0.713283 0.842350 0.842350 0.842350
10738.602539 0.000000 9375.047852 0.000000 0.451525 0.000000 0.892259 0.767636 0.767636 0.767636
10733.879883 0.000000 9374.589844 0.000000 0.969209 0.000000 0.246239 0.786136 0.786136 0.786136
10744.250000 0.000000 9374.344727 0.000000 0.190110 0.000000 -0.981763 0.840502 0.840502 0.840502
10736.105469 0.000000 9376.901367 0.000000 0.997173 0.000000 0.075139 0.795674 0.795674 0.795674
"}
