object={
	name="tree_leaf_quelthalas_high_generator_1_0"
	render_pass=Map
	clamp_to_water_level=no
	generated_content=yes
	layer="tree_high_layer"
	pdxmesh="tree_leaf_quelthalas_a_mesh"
	count=60
	transform="10736.779297 0.000000 9370.076172 0.000000 0.999270 0.000000 -0.038196 0.800534 0.800534 0.800534
10697.352539 0.000000 9348.931641 0.000000 0.558812 0.000000 -0.829294 0.829295 0.829295 0.829295
10693.832031 0.000000 9345.940430 0.000000 0.980773 0.000000 -0.195151 0.808630 0.808630 0.808630
10702.477539 0.000000 9350.550781 0.000000 0.999925 0.000000 -0.012254 0.800441 0.800441 0.800441
10694.617188 0.000000 9353.876953 0.000000 0.937687 0.000000 0.347480 0.782989 0.782989 0.782989
10731.884766 0.000000 9311.023438 0.000000 0.272862 0.000000 0.962053 0.727612 0.727612 0.727612
10702.770508 0.000000 9354.896484 0.000000 0.835854 0.000000 -0.548952 0.831337 0.831337 0.831337
10702.833984 0.000000 9361.798828 0.000000 0.839502 0.000000 -0.543356 0.834418 0.834418 0.834418
10733.171875 0.000000 9284.488281 0.000000 0.933064 0.000000 -0.359710 0.823517 0.823517 0.823517
10719.840820 0.000000 9330.057617 0.000000 0.908963 0.000000 -0.416877 0.824906 0.824906 0.824906
10722.667969 0.000000 9337.674805 0.000000 0.775499 0.000000 0.631349 0.746777 0.746777 0.746777
10717.997070 0.000000 9363.472656 0.000000 0.857495 0.000000 -0.514493 0.837777 0.837777 0.837777
10742.180664 0.000000 9296.438477 0.000000 0.993339 0.000000 0.115227 0.790313 0.790313 0.790313
10709.716797 0.000000 9362.301758 0.000000 0.595332 0.000000 -0.803480 0.861501 0.861501 0.861501
10749.250000 0.000000 9364.411133 0.000000 0.265258 0.000000 0.964178 0.714165 0.714165 0.714165
10734.052734 0.000000 9308.741211 0.000000 0.368022 0.000000 -0.929817 0.895381 0.895381 0.895381
10697.351562 0.000000 9336.031250 0.000000 0.107816 0.000000 -0.994171 0.966526 0.966526 0.966526
10700.391602 0.000000 9336.060547 0.000000 0.999927 0.000000 0.012067 0.798578 0.798578 0.798578
10738.186523 0.000000 9299.747070 0.000000 0.996315 0.000000 -0.085765 0.807203 0.807203 0.807203
10732.635742 0.000000 9313.758789 0.000000 0.309158 0.000000 0.951011 0.687072 0.687072 0.687072
10697.115234 0.000000 9341.760742 0.000000 0.247492 0.000000 0.968890 0.641734 0.641734 0.641734
10692.511719 0.000000 9330.574219 0.000000 0.983896 0.000000 0.178741 0.783131 0.783131 0.783131
10722.862305 0.000000 9352.043945 0.000000 0.275275 0.000000 -0.961365 0.913532 0.913532 0.913532
10729.605469 0.000000 9325.872070 0.000000 0.876759 0.000000 -0.480930 0.857117 0.857117 0.857117
10692.334961 0.000000 9343.463867 0.000000 0.814089 0.000000 -0.580740 0.853215 0.853215 0.853215
10726.564453 0.000000 9334.541016 0.000000 0.997331 0.000000 -0.073008 0.809195 0.809195 0.809195
10718.291992 0.000000 9324.584961 0.000000 0.904537 0.000000 -0.426396 0.847509 0.847509 0.847509
10736.764648 0.000000 9306.220703 0.000000 0.940627 0.000000 0.339443 0.767490 0.767490 0.767490
10739.761719 0.000000 9369.954102 0.000000 0.791357 0.000000 -0.611354 0.884078 0.884078 0.884078
10707.518555 0.000000 9334.262695 0.000000 0.986982 0.000000 -0.160829 0.819034 0.819034 0.819034
10724.658203 0.000000 9327.475586 0.000000 0.156729 0.000000 -0.987642 0.960907 0.960907 0.960907
10734.166992 0.000000 9333.342773 0.000000 0.395237 0.000000 -0.918579 0.948846 0.948846 0.948846
10728.716797 0.000000 9329.528320 0.000000 0.192036 0.000000 -0.981388 0.965079 0.965079 0.965079
10723.098633 0.000000 9322.536133 0.000000 0.508122 0.000000 0.861285 0.688073 0.688073 0.688073
10738.204102 0.000000 9347.109375 0.000000 0.811358 0.000000 0.584549 0.706481 0.706481 0.706481
10724.787109 0.000000 9331.955078 0.000000 0.920713 0.000000 0.390239 0.751960 0.751960 0.751960
10736.712891 0.000000 9351.293945 0.000000 0.597593 0.000000 0.801800 0.655074 0.655074 0.655074
10695.385742 0.000000 9343.911133 0.000000 0.734564 0.000000 -0.678540 0.889369 0.889369 0.889369
10725.959961 0.000000 9329.584961 0.000000 0.781526 0.000000 0.623872 0.719269 0.719269 0.719269
10704.618164 0.000000 9333.849609 0.000000 0.211373 0.000000 -0.977405 0.951865 0.951865 0.951865
10724.791016 0.000000 9339.213867 0.000000 0.208754 0.000000 0.977968 0.620663 0.620663 0.620663
10735.564453 0.000000 9343.038086 0.000000 0.840024 0.000000 -0.542549 0.882465 0.882465 0.882465
10725.111328 0.000000 9346.195312 0.000000 0.668317 0.000000 -0.743877 0.920628 0.920628 0.920628
10723.184570 0.000000 9349.605469 0.000000 0.732149 0.000000 -0.681144 0.907754 0.907754 0.907754
10725.293945 0.000000 9343.888672 0.000000 0.866054 0.000000 -0.499950 0.872149 0.872149 0.872149
10735.895508 0.000000 9367.898438 0.000000 0.966538 0.000000 0.256524 0.754404 0.754404 0.754404
10731.742188 0.000000 9340.620117 0.000000 0.550968 0.000000 -0.834526 0.936055 0.936055 0.936055
10727.260742 0.000000 9347.586914 0.000000 0.591835 0.000000 0.806059 0.665192 0.665192 0.665192
10729.438477 0.000000 9346.170898 0.000000 0.534720 0.000000 0.845029 0.655247 0.655247 0.655247
10741.040039 0.000000 9366.467773 0.000000 0.781617 0.000000 0.623759 0.678930 0.678930 0.678930
10746.057617 0.000000 9360.491211 0.000000 0.966415 0.000000 -0.256987 0.845161 0.845161 0.845161
10730.406250 0.000000 9361.708008 0.000000 0.935627 0.000000 -0.352991 0.859804 0.859804 0.859804
10736.868164 0.000000 9353.927734 0.000000 0.202695 0.000000 -0.979242 1.012909 1.012909 1.012909
10734.068359 0.000000 9360.982422 0.000000 0.287405 0.000000 0.957809 0.585378 0.585378 0.585378
10745.846680 0.000000 9346.260742 0.000000 0.746619 0.000000 0.665252 0.688069 0.688069 0.688069
10743.375000 0.000000 9347.642578 0.000000 0.362019 0.000000 0.932171 0.615399 0.615399 0.615399
10743.465820 0.000000 9363.330078 0.000000 0.967845 0.000000 -0.251548 0.844184 0.844184 0.844184
10745.839844 0.000000 9373.185547 0.000000 0.931477 0.000000 0.363799 0.729352 0.729352 0.729352
10732.213867 0.000000 9376.133789 0.000000 0.944529 0.000000 0.328429 0.736506 0.736506 0.736506
10730.936523 0.000000 9378.633789 0.000000 0.957663 0.000000 0.287891 0.744592 0.744592 0.744592
"}
