object={
	name="tree_leaf_2_high_generator_1_0"
	render_pass=Map
	clamp_to_water_level=no
	generated_content=yes
	layer="tree_high_layer"
	pdxmesh="tree_leaf_01_a_mesh"
	count=403
	transform="8866.472656 0.000000 6329.267578 0.000000 0.758490 0.000000 0.651685 0.597874 0.597874 0.597874
8853.516602 0.000000 6372.992676 0.000000 0.991727 0.000000 0.128368 0.579754 0.579754 0.579754
8856.737305 0.000000 6352.028809 0.000000 0.951261 0.000000 0.308387 0.569476 0.569476 0.569476
8877.999023 0.000000 6334.041992 0.000000 0.991741 0.000000 0.128254 0.595954 0.595954 0.595954
8902.832031 0.000000 6355.572754 0.000000 0.289147 0.000000 0.957285 0.555988 0.555988 0.555988
8894.814453 0.000000 6338.739746 0.000000 0.161856 0.000000 0.986814 0.517733 0.517733 0.517733
8861.935547 0.000000 6370.326172 0.000000 0.788699 0.000000 0.614780 0.461149 0.461149 0.461149
8893.291016 0.000000 6365.335938 0.000000 0.980446 0.000000 0.196786 0.587835 0.587835 0.587835
8874.592773 0.000000 6311.839844 0.000000 0.950438 0.000000 0.310913 0.584372 0.584372 0.584372
8900.715820 0.000000 6362.667969 0.000000 0.893457 0.000000 0.449149 0.596511 0.596511 0.596511
8852.673828 0.000000 6356.941406 0.000000 0.117015 0.000000 0.993130 0.571696 0.571696 0.571696
8904.935547 0.000000 6349.364746 0.000000 0.221239 0.000000 0.975220 0.565681 0.565681 0.565681
8888.087891 0.000000 6354.709961 0.000000 0.958248 0.000000 0.285939 0.588272 0.588272 0.588272
8876.914062 0.000000 6372.558105 0.000000 0.000167 0.000000 1.000000 0.498834 0.498834 0.498834
8893.187500 0.000000 6344.552246 0.000000 0.933156 0.000000 0.359472 0.558691 0.558691 0.558691
8882.214844 0.000000 6337.761719 0.000000 0.164773 0.000000 0.986331 0.574740 0.574740 0.574740
8855.076172 0.000000 6367.637695 0.000000 0.928800 0.000000 0.370582 0.592039 0.592039 0.592039
8866.263672 0.000000 6342.563477 0.000000 0.914948 0.000000 0.403571 0.523461 0.523461 0.523461
8883.401367 0.000000 6356.268066 0.000000 0.997753 0.000000 0.067000 0.594275 0.594275 0.594275
8895.650391 0.000000 6370.643555 0.000000 0.349520 0.000000 0.936929 0.365466 0.365466 0.365466
8876.042969 0.000000 6328.980957 0.000000 0.865387 0.000000 0.501105 0.572482 0.572482 0.572482
8858.532227 0.000000 6373.606445 0.000000 0.478065 0.000000 0.878325 0.482740 0.482740 0.482740
8891.383789 0.000000 6361.173828 0.000000 0.539938 0.000000 0.841705 0.550547 0.550547 0.550547
8867.431641 0.000000 6368.538086 0.000000 0.462828 0.000000 0.886448 0.510231 0.510231 0.510231
8903.945312 0.000000 6359.719727 0.000000 0.950144 0.000000 0.311811 0.575301 0.575301 0.575301
8897.433594 0.000000 6366.368652 0.000000 0.666140 0.000000 0.745827 0.576043 0.576043 0.576043
8904.301758 0.000000 6343.525879 0.000000 0.887208 0.000000 0.461370 0.590662 0.590662 0.590662
8880.138672 0.000000 6329.216309 0.000000 0.802330 0.000000 0.596881 0.559760 0.559760 0.559760
8869.131836 0.000000 6361.588867 0.000000 0.997243 0.000000 0.074199 0.597108 0.597108 0.597108
8866.291016 0.000000 6338.757812 0.000000 0.110911 0.000000 0.993830 0.521287 0.521287 0.521287
8882.346680 0.000000 6342.409668 0.000000 0.842846 0.000000 0.538155 0.537012 0.537012 0.537012
8879.216797 0.000000 6340.332520 0.000000 0.132860 0.000000 0.991135 0.416966 0.416966 0.416966
8849.466797 0.000000 6372.489746 0.000000 0.634950 0.000000 0.772553 0.523298 0.523298 0.523298
8885.936523 0.000000 6338.153320 0.000000 0.790068 0.000000 0.613020 0.507086 0.507086 0.507086
8856.251953 0.000000 6371.010742 0.000000 0.999964 0.000000 0.008498 0.599695 0.599695 0.599695
8881.189453 0.000000 6346.838867 0.000000 0.943966 0.000000 0.330042 0.590427 0.590427 0.590427
8901.617188 0.000000 6348.197754 0.000000 0.098765 0.000000 0.995111 0.551495 0.551495 0.551495
8895.551758 0.000000 6374.244141 0.000000 0.820035 0.000000 0.572314 0.576269 0.576269 0.576269
8892.442383 0.000000 6341.391602 0.000000 0.961137 0.000000 0.276071 0.568577 0.568577 0.568577
8865.134766 0.000000 6332.230957 0.000000 0.698411 0.000000 0.715697 0.510391 0.510391 0.510391
8868.576172 0.000000 6345.764648 0.000000 0.977406 0.000000 0.211371 0.576073 0.576073 0.576073
8900.399414 0.000000 6341.592773 0.000000 0.992416 0.000000 0.122928 0.593908 0.593908 0.593908
8875.412109 0.000000 6332.127930 0.000000 0.869472 0.000000 0.493982 0.582200 0.582200 0.582200
8868.958984 0.000000 6331.116211 0.000000 0.817589 0.000000 0.575802 0.576103 0.576103 0.576103
8886.580078 0.000000 6357.550781 0.000000 0.986320 0.000000 0.164839 0.594295 0.594295 0.594295
8884.327148 0.000000 6335.423828 0.000000 0.998987 0.000000 0.044995 0.598045 0.598045 0.598045
8861.541016 0.000000 6373.322754 0.000000 0.337682 0.000000 0.941260 0.484271 0.484271 0.484271
8898.521484 0.000000 6348.886719 0.000000 0.513903 0.000000 0.857849 0.516599 0.516599 0.516599
8893.525391 0.000000 6368.341797 0.000000 0.604296 0.000000 0.796760 0.546142 0.546142 0.546142
8865.884766 0.000000 6361.275879 0.000000 0.011897 0.000000 0.999929 0.445882 0.445882 0.445882
8865.312500 0.000000 6345.228516 0.000000 0.880469 0.000000 0.474104 0.571144 0.571144 0.571144
8864.050781 0.000000 6349.783203 0.000000 0.650897 0.000000 0.759166 0.562553 0.562553 0.562553
8884.620117 0.000000 6353.769531 0.000000 0.977102 0.000000 0.212770 0.591007 0.591007 0.591007
8864.007812 0.000000 6340.957520 0.000000 0.620500 0.000000 0.784207 0.447421 0.447421 0.447421
8894.709961 0.000000 6354.592773 0.000000 0.332298 0.000000 0.943174 0.480040 0.480040 0.480040
8898.067383 0.000000 6363.706543 0.000000 0.154534 0.000000 0.987988 0.534264 0.534264 0.534264
8883.812500 0.000000 6340.125977 0.000000 0.021743 0.000000 0.999764 0.381885 0.381885 0.381885
8882.357422 0.000000 6330.375977 0.000000 0.850454 0.000000 0.526049 0.526980 0.526980 0.526980
8862.730469 0.000000 6358.993652 0.000000 0.840713 0.000000 0.541481 0.444863 0.444863 0.444863
8874.538086 0.000000 6371.913574 0.000000 0.745687 0.000000 0.666297 0.518075 0.518075 0.518075
8880.074219 0.000000 6332.655273 0.000000 0.769646 0.000000 0.638471 0.455811 0.455811 0.455811
8897.884766 0.000000 6351.580078 0.000000 0.361176 0.000000 0.932498 0.299498 0.299498 0.299498
8887.644531 0.000000 6339.871582 0.000000 0.200100 0.000000 0.979776 0.499493 0.499493 0.499493
8904.551758 0.000000 6357.370605 0.000000 0.999674 0.000000 0.025515 0.597248 0.597248 0.597248
8881.305664 0.000000 6344.514648 0.000000 0.693169 0.000000 0.720775 0.498720 0.498720 0.498720
8892.001953 0.000000 6370.077637 0.000000 0.999174 0.000000 0.040628 0.593669 0.593669 0.593669
8894.534180 0.000000 6352.220703 0.000000 0.156345 0.000000 0.987702 0.269626 0.269626 0.269626
8861.051758 0.000000 6368.148438 0.000000 0.605327 0.000000 0.795977 0.515880 0.515880 0.515880
8875.398438 0.000000 6337.667480 0.000000 0.997911 0.000000 0.064602 0.595255 0.595255 0.595255
8866.196289 0.000000 6366.717773 0.000000 0.989616 0.000000 0.143735 0.590062 0.590062 0.590062
8868.547852 0.000000 6343.551758 0.000000 0.694174 0.000000 0.719807 0.463991 0.463991 0.463991
8898.540039 0.000000 6370.997070 0.000000 0.916972 0.000000 0.398950 0.568650 0.568650 0.568650
8867.287109 0.000000 6332.556641 0.000000 0.482655 0.000000 0.875811 0.502494 0.502494 0.502494
8859.224609 0.000000 6361.232422 0.000000 0.882988 0.000000 0.469396 0.515100 0.515100 0.515100
8891.156250 0.000000 6343.356934 0.000000 0.114896 0.000000 0.993378 0.458271 0.458271 0.458271
8868.531250 0.000000 6347.893066 0.000000 0.809703 0.000000 0.586839 0.535180 0.535180 0.535180
8880.139648 0.000000 6342.309082 0.000000 0.182084 0.000000 0.983283 0.340167 0.340167 0.340167
8896.938477 0.000000 6372.237305 0.000000 0.290328 0.000000 0.956927 0.456623 0.456623 0.456623
8856.101562 0.000000 6350.044434 0.000000 0.934544 0.000000 0.355846 0.559127 0.559127 0.559127
8854.685547 0.000000 6351.972168 0.000000 0.351429 0.000000 0.936215 0.491098 0.491098 0.491098
8899.300781 0.000000 6353.074707 0.000000 0.443768 0.000000 0.896142 0.430252 0.430252 0.430252
8878.840820 0.000000 6335.902344 0.000000 0.516304 0.000000 0.856405 0.439812 0.439812 0.439812
8862.393555 0.000000 6342.142578 0.000000 0.846748 0.000000 0.531994 0.522695 0.522695 0.522695
8864.101562 0.000000 6360.462891 0.000000 0.925740 0.000000 0.378160 0.561660 0.561660 0.561660
8864.933594 0.000000 6337.245605 0.000000 0.995636 0.000000 0.093318 0.589501 0.589501 0.589501
8885.741211 0.000000 6339.974121 0.000000 0.543014 0.000000 0.839724 0.459649 0.459649 0.459649
8869.981445 0.000000 6353.544434 0.000000 0.913123 0.000000 0.407684 0.518229 0.518229 0.518229
8880.759766 0.000000 6352.321777 0.000000 0.966236 0.000000 0.257657 0.570723 0.570723 0.570723
8880.661133 0.000000 6330.890137 0.000000 0.023138 0.000000 0.999732 0.356581 0.356581 0.356581
8860.843750 0.000000 6360.609375 0.000000 0.996607 0.000000 0.082302 0.568527 0.568527 0.568527
8893.078125 0.000000 6342.903320 0.000000 0.353376 0.000000 0.935481 0.426055 0.426055 0.426055
8895.375000 0.000000 6372.634766 0.000000 0.686442 0.000000 0.727184 0.467060 0.467060 0.467060
8867.772461 0.000000 6342.212891 0.000000 0.999997 0.000000 0.002349 0.599567 0.599567 0.599567
8863.809570 0.000000 6345.820801 0.000000 0.410499 0.000000 0.911861 0.438384 0.438384 0.438384
8878.553711 0.000000 6332.602539 0.000000 0.555491 0.000000 0.831523 0.464693 0.464693 0.464693
8867.707031 0.000000 6355.958496 0.000000 0.153800 0.000000 0.988102 0.296605 0.296605 0.296605
8881.097656 0.000000 6333.784668 0.000000 0.619672 0.000000 0.784861 0.412094 0.412094 0.412094
8865.470703 0.000000 6343.769531 0.000000 0.966759 0.000000 0.255688 0.548101 0.548101 0.548101
8895.951172 0.000000 6353.915527 0.000000 0.999965 0.000000 0.008402 0.598037 0.598037 0.598037
8880.417969 0.000000 6341.015625 0.000000 0.326026 0.000000 0.945361 0.366209 0.366209 0.366209
8894.689453 0.000000 6371.531250 0.000000 0.993862 0.000000 0.110628 0.578579 0.578579 0.578579
8863.905273 0.000000 6358.203613 0.000000 0.279855 0.000000 0.960042 0.251020 0.251020 0.251020
8908.400391 0.000000 6343.743164 0.000000 0.839966 0.000000 0.542638 0.560478 0.560478 0.560478
8905.915039 0.000000 6348.432617 0.000000 0.130528 0.000000 0.991445 0.563333 0.563333 0.563333
8909.196289 0.000000 6347.328125 0.000000 0.536585 0.000000 0.843846 0.542828 0.542828 0.542828
8905.715820 0.000000 6345.243164 0.000000 0.706119 0.000000 0.708094 0.492751 0.492751 0.492751
8905.523438 0.000000 6359.982910 0.000000 0.315493 0.000000 0.948928 0.472694 0.472694 0.472694
8907.066406 0.000000 6344.536133 0.000000 0.289394 0.000000 0.957210 0.355116 0.355116 0.355116
8881.417969 0.000000 6376.566406 0.000000 0.115927 0.000000 0.993258 0.342890 0.342890 0.342890
8902.070312 0.000000 6375.649902 0.000000 0.609143 0.000000 0.793060 0.575307 0.575307 0.575307
8866.587891 0.000000 6382.889160 0.000000 0.988651 0.000000 0.150234 0.583962 0.583962 0.583962
8865.077148 0.000000 6398.452637 0.000000 0.606948 0.000000 0.794742 0.590368 0.590368 0.590368
8860.211914 0.000000 6386.942383 0.000000 0.383980 0.000000 0.923341 0.506582 0.506582 0.506582
8869.500977 0.000000 6387.291016 0.000000 0.577568 0.000000 0.816342 0.572819 0.572819 0.572819
8871.455078 0.000000 6382.357910 0.000000 0.852860 0.000000 0.522140 0.516064 0.516064 0.516064
8855.573242 0.000000 6381.843750 0.000000 0.668501 0.000000 0.743711 0.558546 0.558546 0.558546
8869.406250 0.000000 6374.594727 0.000000 0.459664 0.000000 0.888093 0.554150 0.554150 0.554150
8869.465820 0.000000 6396.525391 0.000000 0.789863 0.000000 0.613283 0.529785 0.529785 0.529785
8863.131836 0.000000 6383.437988 0.000000 0.020371 0.000000 0.999793 0.509425 0.509425 0.509425
8867.336914 0.000000 6390.430664 0.000000 0.634351 0.000000 0.773045 0.516612 0.516612 0.516612
8874.687500 0.000000 6382.880371 0.000000 0.871416 0.000000 0.490545 0.566976 0.566976 0.566976
8852.972656 0.000000 6374.561523 0.000000 0.313411 0.000000 0.949618 0.500602 0.500602 0.500602
8880.181641 0.000000 6379.392090 0.000000 0.119744 0.000000 0.992805 0.482650 0.482650 0.482650
8873.733398 0.000000 6380.181152 0.000000 0.103988 0.000000 0.994579 0.389098 0.389098 0.389098
8900.478516 0.000000 6377.981445 0.000000 0.532856 0.000000 0.846206 0.462486 0.462486 0.462486
8868.906250 0.000000 6384.515137 0.000000 0.451083 0.000000 0.892482 0.459585 0.459585 0.459585
8878.646484 0.000000 6376.882324 0.000000 0.654775 0.000000 0.755824 0.487044 0.487044 0.487044
8866.960938 0.000000 6387.856934 0.000000 0.794977 0.000000 0.606640 0.567779 0.567779 0.567779
8866.432617 0.000000 6385.326660 0.000000 0.580515 0.000000 0.814250 0.483135 0.483135 0.483135
8872.947266 0.000000 6383.863770 0.000000 0.877024 0.000000 0.480447 0.536190 0.536190 0.536190
8902.439453 0.000000 6377.754883 0.000000 0.925592 0.000000 0.378524 0.544176 0.544176 0.544176
8851.228516 0.000000 6375.471680 0.000000 0.785317 0.000000 0.619094 0.506000 0.506000 0.506000
8867.549805 0.000000 6396.082520 0.000000 0.289345 0.000000 0.957225 0.487119 0.487119 0.487119
8869.056641 0.000000 6389.241699 0.000000 0.242033 0.000000 0.970268 0.443046 0.443046 0.443046
8875.383789 0.000000 6381.058594 0.000000 0.764848 0.000000 0.644211 0.530797 0.530797 0.530797
8878.304688 0.000000 6375.181152 0.000000 0.916603 0.000000 0.399798 0.555025 0.555025 0.555025
8873.304688 0.000000 6381.826660 0.000000 0.208601 0.000000 0.978001 0.404337 0.404337 0.404337
8881.709961 0.000000 6374.506348 0.000000 0.026335 0.000000 0.999653 0.320068 0.320068 0.320068
8880.185547 0.000000 6377.725586 0.000000 0.998106 0.000000 0.061520 0.589119 0.589119 0.589119
8868.203125 0.000000 6383.124023 0.000000 0.379636 0.000000 0.925136 0.384103 0.384103 0.384103
8870.326172 0.000000 6381.158691 0.000000 0.821376 0.000000 0.570387 0.486349 0.486349 0.486349
8863.793945 0.000000 6387.975586 0.000000 0.318818 0.000000 0.947816 0.396509 0.396509 0.396509
8862.056641 0.000000 6384.349121 0.000000 0.985199 0.000000 0.171414 0.568261 0.568261 0.568261
9178.555664 0.000000 6300.541016 0.000000 0.794538 0.000000 0.607214 0.591203 0.591203 0.591203
9179.099609 0.000000 6327.036133 0.000000 0.996910 0.000000 0.078550 0.597762 0.597762 0.597762
9167.140625 0.000000 6351.204102 0.000000 0.109675 0.000000 0.993968 0.479642 0.479642 0.479642
9179.537109 0.000000 6311.110352 0.000000 0.994643 0.000000 0.103366 0.590693 0.590693 0.590693
9176.850586 0.000000 6304.987793 0.000000 0.708284 0.000000 0.705928 0.560085 0.560085 0.560085
9181.904297 0.000000 6330.937012 0.000000 0.936726 0.000000 0.350063 0.576964 0.576964 0.576964
9165.846680 0.000000 6353.769531 0.000000 0.766000 0.000000 0.642840 0.505873 0.505873 0.505873
9165.221680 0.000000 6349.205078 0.000000 0.773828 0.000000 0.633396 0.551708 0.551708 0.551708
9181.219727 0.000000 6328.510254 0.000000 0.136825 0.000000 0.990595 0.396003 0.396003 0.396003
9180.315430 0.000000 6325.211426 0.000000 0.963881 0.000000 0.266332 0.573348 0.573348 0.573348
9165.115234 0.000000 6351.820312 0.000000 0.922176 0.000000 0.386771 0.548247 0.548247 0.548247
9164.081055 0.000000 6353.326172 0.000000 0.156715 0.000000 0.987644 0.409450 0.409450 0.409450
9182.429688 0.000000 6329.429688 0.000000 0.272004 0.000000 0.962296 0.423433 0.423433 0.423433
9194.879883 0.000000 6366.515625 0.000000 0.745132 0.000000 0.666917 0.449086 0.449086 0.449086
9199.515625 0.000000 6360.858887 0.000000 0.860012 0.000000 0.510274 0.560695 0.560695 0.560695
9197.504883 0.000000 6370.723145 0.000000 0.212066 0.000000 0.977255 0.528850 0.528850 0.528850
9197.424805 0.000000 6364.595215 0.000000 0.815899 0.000000 0.578195 0.458705 0.458705 0.458705
9197.418945 0.000000 6367.664062 0.000000 0.819711 0.000000 0.572778 0.462050 0.462050 0.462050
9192.804688 0.000000 6367.971191 0.000000 0.778887 0.000000 0.627165 0.556335 0.556335 0.556335
9243.674805 0.000000 6373.507812 0.000000 0.845192 0.000000 0.534463 0.558613 0.558613 0.558613
9186.807617 0.000000 6350.826660 0.000000 0.310898 0.000000 0.950443 0.498513 0.498513 0.498513
9197.541992 0.000000 6361.937500 0.000000 0.388466 0.000000 0.921463 0.431490 0.431490 0.431490
9189.232422 0.000000 6354.322754 0.000000 0.930455 0.000000 0.366407 0.508966 0.508966 0.508966
9195.695312 0.000000 6364.881836 0.000000 0.079064 0.000000 0.996870 0.148654 0.148654 0.148654
9196.625977 0.000000 6369.212402 0.000000 0.230064 0.000000 0.973175 0.383438 0.383438 0.383438
9190.858398 0.000000 6353.565918 0.000000 0.572913 0.000000 0.819616 0.283393 0.283393 0.283393
9196.573242 0.000000 6363.240234 0.000000 0.375401 0.000000 0.926862 0.315761 0.315761 0.315761
9188.334961 0.000000 6350.553711 0.000000 0.972602 0.000000 0.232476 0.525845 0.525845 0.525845
9190.794922 0.000000 6350.453125 0.000000 0.841311 0.000000 0.540551 0.507611 0.507611 0.507611
9187.518555 0.000000 6352.044922 0.000000 0.955109 0.000000 0.296255 0.527465 0.527465 0.527465
9321.656250 0.000000 6359.036133 0.000000 0.967679 0.000000 0.252185 0.572505 0.572505 0.572505
9155.957031 0.000000 6386.115723 0.000000 0.293269 0.000000 0.956030 0.535159 0.535159 0.535159
9142.485352 0.000000 6405.109863 0.000000 0.725874 0.000000 0.687828 0.588638 0.588638 0.588638
9145.024414 0.000000 6390.801270 0.000000 0.791961 0.000000 0.610572 0.561631 0.561631 0.561631
9151.495117 0.000000 6392.337402 0.000000 0.796236 0.000000 0.604986 0.569828 0.569828 0.569828
9141.438477 0.000000 6386.942383 0.000000 0.946149 0.000000 0.323732 0.559506 0.559506 0.559506
9150.692383 0.000000 6396.525391 0.000000 0.957695 0.000000 0.287786 0.572015 0.572015 0.572015
9153.989258 0.000000 6394.894043 0.000000 0.416745 0.000000 0.909023 0.553856 0.553856 0.553856
9141.534180 0.000000 6390.447754 0.000000 0.838997 0.000000 0.544136 0.568112 0.568112 0.568112
9139.018555 0.000000 6407.751465 0.000000 0.896706 0.000000 0.442627 0.578021 0.578021 0.578021
9158.066406 0.000000 6385.702637 0.000000 0.223554 0.000000 0.974692 0.464980 0.464980 0.464980
9148.776367 0.000000 6396.082520 0.000000 0.981491 0.000000 0.191507 0.573733 0.573733 0.573733
9147.240234 0.000000 6396.914062 0.000000 0.584536 0.000000 0.811368 0.478072 0.478072 0.478072
9141.361328 0.000000 6388.741211 0.000000 0.988741 0.000000 0.149635 0.570527 0.570527 0.570527
9143.411133 0.000000 6390.301758 0.000000 0.800045 0.000000 0.599940 0.504583 0.504583 0.504583
9143.037109 0.000000 6387.035645 0.000000 0.739333 0.000000 0.673340 0.435125 0.435125 0.435125
9142.563477 0.000000 6389.289551 0.000000 0.423286 0.000000 0.905996 0.314695 0.314695 0.314695
9238.727539 0.000000 6375.297852 0.000000 0.425102 0.000000 0.905145 0.528800 0.528800 0.528800
9215.497070 0.000000 6387.693359 0.000000 0.999983 0.000000 0.005856 0.599316 0.599316 0.599316
9247.584961 0.000000 6398.517578 0.000000 0.839644 0.000000 0.543137 0.592259 0.592259 0.592259
9211.035156 0.000000 6379.974609 0.000000 0.940521 0.000000 0.339735 0.588058 0.588058 0.588058
9237.897461 0.000000 6411.956055 0.000000 0.976223 0.000000 0.216770 0.570870 0.570870 0.570870
9230.120117 0.000000 6409.128418 0.000000 0.357815 0.000000 0.933793 0.585562 0.585562 0.585562
9239.438477 0.000000 6429.108398 0.000000 0.433934 0.000000 0.900945 0.561346 0.561346 0.561346
9209.297852 0.000000 6374.616699 0.000000 0.277659 0.000000 0.960680 0.565233 0.565233 0.565233
9272.210938 0.000000 6376.956055 0.000000 0.090684 0.000000 0.995880 0.526842 0.526842 0.526842
9218.640625 0.000000 6391.081543 0.000000 0.002913 0.000000 0.999996 0.456737 0.456737 0.456737
9250.811523 0.000000 6416.042969 0.000000 0.789283 0.000000 0.614030 0.544540 0.544540 0.544540
9236.808594 0.000000 6425.601562 0.000000 0.507644 0.000000 0.861567 0.488013 0.488013 0.488013
9233.449219 0.000000 6411.790527 0.000000 0.396007 0.000000 0.918248 0.552938 0.552938 0.552938
9245.777344 0.000000 6407.394043 0.000000 0.859176 0.000000 0.511680 0.583908 0.583908 0.583908
9190.583984 0.000000 6408.634766 0.000000 0.461420 0.000000 0.887182 0.577116 0.577116 0.577116
9243.893555 0.000000 6400.138672 0.000000 0.951827 0.000000 0.306637 0.585061 0.585061 0.585061
9251.127930 0.000000 6396.698242 0.000000 0.863190 0.000000 0.504879 0.569082 0.569082 0.569082
9235.562500 0.000000 6408.740234 0.000000 0.988699 0.000000 0.149917 0.576782 0.576782 0.576782
9242.305664 0.000000 6390.430664 0.000000 0.380821 0.000000 0.924649 0.495704 0.495704 0.495704
9186.887695 0.000000 6407.092285 0.000000 0.910757 0.000000 0.412942 0.550264 0.550264 0.550264
9202.263672 0.000000 6386.690430 0.000000 0.817022 0.000000 0.576607 0.539242 0.539242 0.539242
9241.531250 0.000000 6374.856445 0.000000 0.936645 0.000000 0.350280 0.556579 0.556579 0.556579
9203.715820 0.000000 6378.608398 0.000000 0.056052 0.000000 0.998428 0.525125 0.525125 0.525125
9238.311523 0.000000 6393.739258 0.000000 0.646781 0.000000 0.762676 0.457070 0.457070 0.457070
9232.760742 0.000000 6407.751465 0.000000 0.597667 0.000000 0.801744 0.535904 0.535904 0.535904
9253.615234 0.000000 6376.882324 0.000000 0.628856 0.000000 0.777522 0.535957 0.535957 0.535957
9236.889648 0.000000 6400.212891 0.000000 0.243235 0.000000 0.969967 0.520604 0.520604 0.520604
9249.964844 0.000000 6412.777344 0.000000 0.937628 0.000000 0.347640 0.544688 0.544688 0.544688
9199.674805 0.000000 6386.761719 0.000000 0.985944 0.000000 0.167075 0.583153 0.583153 0.583153
9234.291992 0.000000 6427.335449 0.000000 0.893972 0.000000 0.448123 0.558238 0.558238 0.558238
9236.967773 0.000000 6428.374023 0.000000 0.989203 0.000000 0.146549 0.586781 0.586781 0.586781
9240.334961 0.000000 6377.332031 0.000000 0.997375 0.000000 0.072403 0.595767 0.595767 0.595767
9245.421875 0.000000 6404.825684 0.000000 0.644021 0.000000 0.765007 0.517799 0.517799 0.517799
9244.572266 0.000000 6402.449219 0.000000 0.613579 0.000000 0.789634 0.531828 0.531828 0.531828
9191.318359 0.000000 6406.476074 0.000000 0.827601 0.000000 0.561316 0.546436 0.546436 0.546436
9235.786133 0.000000 6411.108887 0.000000 0.654623 0.000000 0.755955 0.458772 0.458772 0.458772
9251.834961 0.000000 6417.960449 0.000000 0.999675 0.000000 0.025502 0.597861 0.597861 0.597861
9232.482422 0.000000 6409.816406 0.000000 0.992661 0.000000 0.120931 0.588923 0.588923 0.588923
9216.923828 0.000000 6386.529785 0.000000 0.802312 0.000000 0.596905 0.498438 0.498438 0.498438
9249.483398 0.000000 6414.709473 0.000000 0.999983 0.000000 0.005798 0.599158 0.599158 0.599158
9234.283203 0.000000 6410.087891 0.000000 0.813048 0.000000 0.582196 0.497606 0.497606 0.497606
9235.399414 0.000000 6407.032227 0.000000 0.842207 0.000000 0.539154 0.532615 0.532615 0.532615
9237.263672 0.000000 6413.580078 0.000000 0.864354 0.000000 0.502884 0.530541 0.530541 0.530541
9240.594727 0.000000 6390.492676 0.000000 0.234619 0.000000 0.972087 0.272297 0.272297 0.272297
9237.153320 0.000000 6390.301758 0.000000 0.552007 0.000000 0.833840 0.467070 0.467070 0.467070
9248.457031 0.000000 6412.969727 0.000000 0.984231 0.000000 0.176886 0.572298 0.572298 0.572298
9220.609375 0.000000 6387.493164 0.000000 0.999947 0.000000 0.010301 0.598442 0.598442 0.598442
9239.009766 0.000000 6392.427734 0.000000 0.870230 0.000000 0.492645 0.515121 0.515121 0.515121
9251.333984 0.000000 6412.716797 0.000000 0.336434 0.000000 0.941707 0.316800 0.316800 0.316800
9294.643555 0.000000 6389.483398 0.000000 0.221596 0.000000 0.975138 0.474870 0.474870 0.474870
9309.239258 0.000000 6387.693359 0.000000 0.496774 0.000000 0.867880 0.548051 0.548051 0.548051
9293.363281 0.000000 6404.254395 0.000000 0.290169 0.000000 0.956975 0.399246 0.399246 0.399246
9290.414062 0.000000 6381.341309 0.000000 0.465211 0.000000 0.885200 0.554412 0.554412 0.554412
9288.328125 0.000000 6410.111816 0.000000 0.996637 0.000000 0.081949 0.597419 0.597419 0.597419
9298.854492 0.000000 6417.229492 0.000000 0.616130 0.000000 0.787645 0.555167 0.555167 0.555167
9294.105469 0.000000 6399.766113 0.000000 0.446230 0.000000 0.894918 0.487115 0.487115 0.487115
9298.839844 0.000000 6387.660645 0.000000 0.533281 0.000000 0.845938 0.553178 0.553178 0.553178
9284.650391 0.000000 6413.139160 0.000000 0.247829 0.000000 0.968804 0.420020 0.420020 0.420020
9285.162109 0.000000 6421.904297 0.000000 0.621220 0.000000 0.783636 0.575720 0.575720 0.575720
9284.326172 0.000000 6408.634766 0.000000 0.095550 0.000000 0.995425 0.507197 0.507197 0.507197
9281.084961 0.000000 6420.538574 0.000000 0.534547 0.000000 0.845138 0.514035 0.514035 0.514035
9289.996094 0.000000 6377.800781 0.000000 0.293337 0.000000 0.956009 0.491302 0.491302 0.491302
9300.922852 0.000000 6414.486328 0.000000 0.015359 0.000000 0.999882 0.509133 0.509133 0.509133
9309.119141 0.000000 6390.948730 0.000000 0.711266 0.000000 0.702923 0.567306 0.567306 0.567306
9287.706055 0.000000 6379.653320 0.000000 0.998883 0.000000 0.047261 0.595468 0.595468 0.595468
9291.314453 0.000000 6395.237793 0.000000 0.831308 0.000000 0.555812 0.531142 0.531142 0.531142
9283.508789 0.000000 6419.843750 0.000000 0.798692 0.000000 0.601739 0.531330 0.531330 0.531330
9297.119141 0.000000 6389.421875 0.000000 0.932639 0.000000 0.360810 0.550788 0.550788 0.550788
9283.391602 0.000000 6410.897949 0.000000 0.146201 0.000000 0.989255 0.512541 0.512541 0.512541
9281.810547 0.000000 6418.136719 0.000000 0.885278 0.000000 0.465062 0.566670 0.566670 0.566670
9292.499023 0.000000 6397.725098 0.000000 0.977994 0.000000 0.208635 0.572924 0.572924 0.572924
9289.558594 0.000000 6379.607910 0.000000 0.994534 0.000000 0.104411 0.586055 0.586055 0.586055
9248.992188 0.000000 6523.381836 0.000000 0.301024 0.000000 0.953617 0.499569 0.499569 0.499569
9232.009766 0.000000 6498.757812 0.000000 0.300379 0.000000 0.953820 0.552602 0.552602 0.552602
9237.432617 0.000000 6482.215332 0.000000 0.870054 0.000000 0.492956 0.566797 0.566797 0.566797
9248.011719 0.000000 6525.921875 0.000000 0.282574 0.000000 0.959246 0.496114 0.496114 0.496114
9241.929688 0.000000 6481.599121 0.000000 0.931006 0.000000 0.365004 0.570337 0.570337 0.570337
9251.260742 0.000000 6523.017090 0.000000 0.942397 0.000000 0.334497 0.556573 0.556573 0.556573
9250.367188 0.000000 6525.151855 0.000000 0.948940 0.000000 0.315455 0.572117 0.572117 0.572117
9245.602539 0.000000 6488.433594 0.000000 0.849664 0.000000 0.527325 0.524286 0.524286 0.524286
9316.509766 0.000000 6483.004395 0.000000 0.965361 0.000000 0.260917 0.578648 0.578648 0.578648
9312.382812 0.000000 6484.823730 0.000000 0.996724 0.000000 0.080877 0.590783 0.590783 0.590783
9313.346680 0.000000 6480.100098 0.000000 0.960158 0.000000 0.279459 0.549937 0.549937 0.549937
9313.926758 0.000000 6482.768066 0.000000 0.992564 0.000000 0.121722 0.571120 0.571120 0.571120
9315.781250 0.000000 6480.844727 0.000000 0.138805 0.000000 0.990320 0.376988 0.376988 0.376988
9310.183594 0.000000 6483.083984 0.000000 0.004277 0.000000 0.999991 0.431050 0.431050 0.431050
9312.434570 0.000000 6483.229004 0.000000 0.291087 0.000000 0.956697 0.298140 0.298140 0.298140
9312.968750 0.000000 6481.533203 0.000000 0.245795 0.000000 0.969322 0.366248 0.366248 0.366248
9223.852539 0.000000 6597.839844 0.000000 0.989649 0.000000 0.143507 0.574115 0.574115 0.574115
9219.333008 0.000000 6616.978516 0.000000 0.991062 0.000000 0.133403 0.583365 0.583365 0.583365
9202.270508 0.000000 6603.496094 0.000000 0.941926 0.000000 0.335819 0.504581 0.504581 0.504581
9218.661133 0.000000 6611.837402 0.000000 0.179355 0.000000 0.983784 0.275080 0.275080 0.275080
9070.380859 0.000000 7209.812988 0.000000 0.670923 0.000000 0.741527 0.290933 0.290933 0.290933
9070.091797 0.000000 7216.666992 0.000000 0.717707 0.000000 0.696345 0.543462 0.543462 0.543462
9052.685547 0.000000 7202.148438 0.000000 0.054057 0.000000 0.998538 0.020658 0.020658 0.020658
9058.482422 0.000000 7207.392578 0.000000 0.880360 0.000000 0.474305 0.442329 0.442329 0.442329
9050.808594 0.000000 7207.797363 0.000000 0.648048 0.000000 0.761600 0.536453 0.536453 0.536453
9050.214844 0.000000 7202.673340 0.000000 0.215261 0.000000 0.976557 0.291751 0.291751 0.291751
9070.564453 0.000000 7214.232422 0.000000 0.976518 0.000000 0.215436 0.550561 0.550561 0.550561
9058.698242 0.000000 7204.421387 0.000000 0.999902 0.000000 0.013996 0.598784 0.598784 0.598784
9070.580078 0.000000 7211.942383 0.000000 0.670844 0.000000 0.741599 0.389757 0.389757 0.389757
9051.585938 0.000000 7204.142578 0.000000 0.999610 0.000000 0.027921 0.597239 0.597239 0.597239
9070.982422 0.000000 7208.024414 0.000000 0.757380 0.000000 0.652974 0.336752 0.336752 0.336752
9061.083008 0.000000 7210.017090 0.000000 0.992678 0.000000 0.120789 0.558465 0.558465 0.558465
9054.519531 0.000000 7206.322266 0.000000 0.434764 0.000000 0.900544 0.475739 0.475739 0.475739
9071.922852 0.000000 7210.846680 0.000000 0.845026 0.000000 0.534725 0.458022 0.458022 0.458022
9068.597656 0.000000 7216.969727 0.000000 0.399146 0.000000 0.916887 0.297603 0.297603 0.297603
9053.558594 0.000000 7203.363281 0.000000 0.936883 0.000000 0.349643 0.463563 0.463563 0.463563
9087.812500 0.000000 7282.333984 0.000000 0.517093 0.000000 0.855929 0.526133 0.526133 0.526133
9066.833984 0.000000 7262.522949 0.000000 0.635617 0.000000 0.772004 0.475811 0.475811 0.475811
9069.205078 0.000000 7227.809082 0.000000 0.677074 0.000000 0.735915 0.474880 0.474880 0.474880
9065.120117 0.000000 7255.772949 0.000000 0.539163 0.000000 0.842202 0.522002 0.522002 0.522002
9092.419922 0.000000 7286.786621 0.000000 0.947872 0.000000 0.318651 0.548507 0.548507 0.548507
9091.107422 0.000000 7253.992188 0.000000 0.064650 0.000000 0.997908 0.505247 0.505247 0.505247
9070.628906 0.000000 7224.016602 0.000000 0.209838 0.000000 0.977736 0.528731 0.528731 0.528731
9073.185547 0.000000 7227.221191 0.000000 0.593003 0.000000 0.805201 0.555133 0.555133 0.555133
9067.980469 0.000000 7258.687500 0.000000 0.997552 0.000000 0.069926 0.588364 0.588364 0.588364
9053.775391 0.000000 7276.179688 0.000000 0.357286 0.000000 0.933995 0.477215 0.477215 0.477215
9086.313477 0.000000 7241.503418 0.000000 0.220275 0.000000 0.975438 0.446461 0.446461 0.446461
9088.966797 0.000000 7244.767578 0.000000 0.122352 0.000000 0.992487 0.313665 0.313665 0.313665
9081.845703 0.000000 7245.483887 0.000000 0.087753 0.000000 0.996142 0.320113 0.320113 0.320113
9058.611328 0.000000 7273.241699 0.000000 0.390370 0.000000 0.920658 0.528159 0.528159 0.528159
9090.489258 0.000000 7250.988770 0.000000 0.999877 0.000000 0.015713 0.595810 0.595810 0.595810
9063.373047 0.000000 7251.418457 0.000000 0.131132 0.000000 0.991365 0.429680 0.429680 0.429680
9065.666992 0.000000 7265.016113 0.000000 0.990943 0.000000 0.134282 0.548553 0.548553 0.548553
9087.083984 0.000000 7246.320312 0.000000 0.414222 0.000000 0.910176 0.481790 0.481790 0.481790
9086.937500 0.000000 7243.691895 0.000000 0.997087 0.000000 0.076266 0.590394 0.590394 0.590394
9064.350586 0.000000 7261.640137 0.000000 0.979059 0.000000 0.203579 0.568062 0.568062 0.568062
9080.314453 0.000000 7243.998047 0.000000 0.697842 0.000000 0.716251 0.431368 0.431368 0.431368
9071.192383 0.000000 7228.582520 0.000000 0.528543 0.000000 0.848907 0.419266 0.419266 0.419266
9088.294922 0.000000 7242.145508 0.000000 0.651821 0.000000 0.758373 0.376927 0.376927 0.376927
9086.883789 0.000000 7238.035645 0.000000 0.997420 0.000000 0.071789 0.581811 0.581811 0.581811
9067.906250 0.000000 7260.805176 0.000000 0.756447 0.000000 0.654055 0.354378 0.354378 0.354378
9089.654297 0.000000 7246.640625 0.000000 0.771371 0.000000 0.636386 0.436742 0.436742 0.436742
9081.735352 0.000000 7240.790527 0.000000 0.961308 0.000000 0.275476 0.561539 0.561539 0.561539
9085.540039 0.000000 7239.718750 0.000000 0.942610 0.000000 0.333895 0.547986 0.547986 0.547986
9092.201172 0.000000 7292.063965 0.000000 0.536669 0.000000 0.843793 0.500710 0.500710 0.500710
9052.417969 0.000000 7274.667480 0.000000 0.990489 0.000000 0.137593 0.553479 0.553479 0.553479
9092.194336 0.000000 7252.296875 0.000000 0.723107 0.000000 0.690737 0.444663 0.444663 0.444663
9078.823242 0.000000 7234.175781 0.000000 0.950878 0.000000 0.309566 0.551440 0.551440 0.551440
9083.463867 0.000000 7244.226562 0.000000 0.101844 0.000000 0.994800 0.349186 0.349186 0.349186
9080.271484 0.000000 7235.162598 0.000000 0.024913 0.000000 0.999690 0.354544 0.354544 0.354544
9065.248047 0.000000 7266.705078 0.000000 0.264402 0.000000 0.964413 0.387219 0.387219 0.387219
9088.831055 0.000000 7256.779297 0.000000 0.224737 0.000000 0.974419 0.412754 0.412754 0.412754
9050.189453 0.000000 7277.306152 0.000000 0.663665 0.000000 0.748030 0.322772 0.322772 0.322772
9084.583008 0.000000 7241.513184 0.000000 0.934101 0.000000 0.357008 0.505944 0.505944 0.505944
9062.794922 0.000000 7254.821777 0.000000 0.516212 0.000000 0.856461 0.459821 0.459821 0.459821
9058.969727 0.000000 7274.938965 0.000000 0.676816 0.000000 0.736152 0.467391 0.467391 0.467391
9087.469727 0.000000 7236.490234 0.000000 0.852478 0.000000 0.522764 0.519248 0.519248 0.519248
9091.943359 0.000000 7282.588379 0.000000 0.271804 0.000000 0.962353 0.124550 0.124550 0.124550
9072.728516 0.000000 7229.093750 0.000000 0.771737 0.000000 0.635942 0.475078 0.475078 0.475078
9070.208008 0.000000 7229.833496 0.000000 0.936248 0.000000 0.351340 0.536007 0.536007 0.536007
9062.062500 0.000000 7252.352539 0.000000 0.795611 0.000000 0.605808 0.498618 0.498618 0.498618
9055.256836 0.000000 7279.634766 0.000000 0.594448 0.000000 0.804134 0.297732 0.297732 0.297732
9064.118164 0.000000 7264.961426 0.000000 0.906757 0.000000 0.421654 0.433740 0.433740 0.433740
9069.164062 0.000000 7223.320312 0.000000 0.943709 0.000000 0.330777 0.543946 0.543946 0.543946
9069.457031 0.000000 7259.098633 0.000000 0.999836 0.000000 0.018115 0.597042 0.597042 0.597042
9089.315430 0.000000 7282.295898 0.000000 0.940469 0.000000 0.339878 0.505458 0.505458 0.505458
9086.357422 0.000000 7245.004883 0.000000 0.635329 0.000000 0.772241 0.458577 0.458577 0.458577
9071.842773 0.000000 7227.382812 0.000000 0.413837 0.000000 0.910351 0.286369 0.286369 0.286369
9086.870117 0.000000 7239.470703 0.000000 0.070198 0.000000 0.997533 0.220138 0.220138 0.220138
9091.850586 0.000000 7251.018066 0.000000 0.429662 0.000000 0.902990 0.299592 0.299592 0.299592
9090.737305 0.000000 7259.007812 0.000000 0.766464 0.000000 0.642288 0.399403 0.399403 0.399403
9066.493164 0.000000 7255.466797 0.000000 0.178509 0.000000 0.983938 0.162338 0.162338 0.162338
9097.423828 0.000000 7261.339355 0.000000 0.922803 0.000000 0.385272 0.568601 0.568601 0.568601
9101.584961 0.000000 7267.152344 0.000000 0.888746 0.000000 0.458401 0.531523 0.531523 0.531523
9105.247070 0.000000 7276.212402 0.000000 0.581204 0.000000 0.813758 0.524533 0.524533 0.524533
9100.214844 0.000000 7283.612793 0.000000 0.434581 0.000000 0.900633 0.443805 0.443805 0.443805
9097.479492 0.000000 7292.827148 0.000000 0.935949 0.000000 0.352135 0.522919 0.522919 0.522919
9095.153320 0.000000 7289.482910 0.000000 0.916046 0.000000 0.401074 0.574655 0.574655 0.574655
9108.244141 0.000000 7276.337891 0.000000 0.995975 0.000000 0.089637 0.588437 0.588437 0.588437
9103.734375 0.000000 7273.703125 0.000000 0.265384 0.000000 0.964143 0.453705 0.453705 0.453705
9106.774414 0.000000 7273.732422 0.000000 0.799194 0.000000 0.601073 0.559431 0.559431 0.559431
9102.928711 0.000000 7283.852051 0.000000 0.883625 0.000000 0.468196 0.543071 0.543071 0.543071
9100.414062 0.000000 7265.127441 0.000000 0.941366 0.000000 0.337387 0.542264 0.542264 0.542264
9109.338867 0.000000 7285.982422 0.000000 0.058837 0.000000 0.998268 0.314641 0.314641 0.314641
9102.691406 0.000000 7265.140625 0.000000 0.287088 0.000000 0.957904 0.502245 0.502245 0.502245
9103.732422 0.000000 7267.284668 0.000000 0.561321 0.000000 0.827598 0.341544 0.341544 0.341544
9107.164062 0.000000 7271.684082 0.000000 0.889098 0.000000 0.457717 0.560119 0.560119 0.560119
9094.733398 0.000000 7284.084961 0.000000 0.671883 0.000000 0.740658 0.502551 0.502551 0.502551
9097.127930 0.000000 7289.338379 0.000000 0.902902 0.000000 0.429846 0.466222 0.466222 0.466222
9106.712891 0.000000 7283.009277 0.000000 0.067052 0.000000 0.997750 0.458097 0.458097 0.458097
9108.943359 0.000000 7283.920410 0.000000 0.959303 0.000000 0.282380 0.547684 0.547684 0.547684
9106.651367 0.000000 7277.322754 0.000000 0.767632 0.000000 0.640891 0.396801 0.396801 0.396801
9102.189453 0.000000 7274.825684 0.000000 0.233496 0.000000 0.972358 0.442006 0.442006 0.442006
9096.132812 0.000000 7282.976562 0.000000 0.364902 0.000000 0.931046 0.302292 0.302292 0.302292
9106.773438 0.000000 7275.457520 0.000000 0.996608 0.000000 0.082299 0.591114 0.591114 0.591114
9105.179688 0.000000 7272.841797 0.000000 0.661707 0.000000 0.749763 0.371436 0.371436 0.371436
9105.163086 0.000000 7274.557617 0.000000 0.484972 0.000000 0.874529 0.257184 0.257184 0.257184
9100.267578 0.000000 7285.055664 0.000000 0.333611 0.000000 0.942711 0.176007 0.176007 0.176007
9104.038086 0.000000 7272.124023 0.000000 0.706755 0.000000 0.707459 0.388101 0.388101 0.388101
9093.776367 0.000000 7289.466797 0.000000 0.323859 0.000000 0.946105 0.187321 0.187321 0.187321
9371.697266 0.000000 7428.956055 0.000000 0.970982 0.000000 0.239154 0.583722 0.583722 0.583722
9367.021484 0.000000 7436.016602 0.000000 0.097017 0.000000 0.995283 0.549230 0.549230 0.549230
9364.380859 0.000000 7435.510742 0.000000 0.337754 0.000000 0.941234 0.462235 0.462235 0.462235
9373.500000 0.000000 7412.937012 0.000000 0.807621 0.000000 0.589702 0.565045 0.565045 0.565045
9352.226562 0.000000 7413.776367 0.000000 0.402303 0.000000 0.915507 0.522026 0.522026 0.522026
9368.164062 0.000000 7431.176270 0.000000 0.584301 0.000000 0.811537 0.519162 0.519162 0.519162
9353.694336 0.000000 7406.723145 0.000000 0.902667 0.000000 0.430340 0.500043 0.500043 0.500043
9352.538086 0.000000 7410.176270 0.000000 0.781081 0.000000 0.624430 0.448469 0.448469 0.448469
9448.977539 0.000000 7379.397461 0.000000 0.777284 0.000000 0.629150 0.560248 0.560248 0.560248
9442.592773 0.000000 7373.473145 0.000000 0.931054 0.000000 0.364882 0.558039 0.558039 0.558039
9448.597656 0.000000 7377.203613 0.000000 0.188441 0.000000 0.982084 0.378620 0.378620 0.378620
9447.432617 0.000000 7376.331543 0.000000 0.834845 0.000000 0.550485 0.431470 0.431470 0.431470
9445.139648 0.000000 7372.153320 0.000000 0.424077 0.000000 0.905626 0.364126 0.364126 0.364126
9445.021484 0.000000 7375.119629 0.000000 0.436586 0.000000 0.899663 0.390478 0.390478 0.390478
9376.416992 0.000000 7428.867676 0.000000 0.755880 0.000000 0.654710 0.567923 0.567923 0.567923
9378.929688 0.000000 7414.083984 0.000000 0.440663 0.000000 0.897673 0.499837 0.499837 0.499837
9378.669922 0.000000 7433.067383 0.000000 0.799140 0.000000 0.601145 0.532376 0.532376 0.532376
9374.920898 0.000000 7430.391602 0.000000 0.890680 0.000000 0.454631 0.536374 0.536374 0.536374
9376.864258 0.000000 7433.695801 0.000000 0.994213 0.000000 0.107423 0.583394 0.583394 0.583394
9377.239258 0.000000 7432.294922 0.000000 0.992839 0.000000 0.119460 0.581525 0.581525 0.581525
9571.285156 0.000000 7698.632812 0.000000 0.680661 0.000000 0.732598 0.535962 0.535962 0.535962
"}
object={
	name="tree_leaf_2_high_generator_1_1"
	render_pass=Map
	clamp_to_water_level=no
	generated_content=yes
	layer="tree_high_layer"
	pdxmesh="tree_leaf_01_b_mesh"
	count=372
	transform="8894.735352 0.000000 6357.430176 0.000000 0.696773 0.000000 -0.717291 0.627559 0.627559 0.627559
8866.268555 0.000000 6348.000488 0.000000 0.085512 0.000000 -0.996337 0.622247 0.622247 0.622247
8887.493164 0.000000 6334.693848 0.000000 0.704691 0.000000 -0.709515 0.618905 0.618905 0.618905
8870.828125 0.000000 6371.479980 0.000000 0.744284 0.000000 -0.667864 0.609859 0.609859 0.609859
8857.639648 0.000000 6362.674316 0.000000 0.287017 0.000000 -0.957926 0.621086 0.621086 0.621086
8900.328125 0.000000 6344.912109 0.000000 0.268348 0.000000 -0.963322 0.623352 0.623352 0.623352
8878.985352 0.000000 6344.166992 0.000000 0.174455 0.000000 -0.984665 0.815298 0.815298 0.815298
8870.251953 0.000000 6318.211914 0.000000 0.940463 0.000000 -0.339896 0.617143 0.617143 0.617143
8874.179688 0.000000 6350.809570 0.000000 0.430369 0.000000 -0.902653 0.621925 0.621925 0.621925
8866.100586 0.000000 6364.290039 0.000000 0.868234 0.000000 -0.496155 0.627996 0.627996 0.627996
8881.998047 0.000000 6350.999023 0.000000 0.686246 0.000000 -0.727369 0.642701 0.642701 0.642701
8895.802734 0.000000 6350.184570 0.000000 0.584272 0.000000 -0.811558 0.717716 0.717716 0.717716
8850.447266 0.000000 6348.884277 0.000000 0.810586 0.000000 -0.585620 0.630927 0.630927 0.630927
8862.055664 0.000000 6356.398438 0.000000 0.964981 0.000000 -0.262320 0.636578 0.636578 0.636578
8864.469727 0.000000 6335.366211 0.000000 0.856554 0.000000 -0.516057 0.620306 0.620306 0.620306
8872.126953 0.000000 6331.852539 0.000000 0.848630 0.000000 -0.528987 0.610019 0.610019 0.610019
8875.514648 0.000000 6339.874023 0.000000 0.368118 0.000000 -0.929779 0.753789 0.753789 0.753789
8881.732422 0.000000 6362.146484 0.000000 0.960451 0.000000 -0.278447 0.612258 0.612258 0.612258
8861.166016 0.000000 6349.180664 0.000000 0.829669 0.000000 -0.558256 0.669201 0.669201 0.669201
8868.488281 0.000000 6352.593750 0.000000 0.810524 0.000000 -0.585705 0.721853 0.721853 0.721853
8890.066406 0.000000 6339.089844 0.000000 0.998792 0.000000 -0.049145 0.600736 0.600736 0.600736
8862.402344 0.000000 6361.451172 0.000000 0.877628 0.000000 -0.479343 0.723556 0.723556 0.723556
8888.474609 0.000000 6365.181152 0.000000 0.637194 0.000000 -0.770703 0.626362 0.626362 0.626362
8882.498047 0.000000 6332.930176 0.000000 0.821920 0.000000 -0.569603 0.659006 0.659006 0.659006
8892.348633 0.000000 6353.148926 0.000000 0.684046 0.000000 -0.729439 0.651432 0.651432 0.651432
8865.882812 0.000000 6372.706543 0.000000 0.769288 0.000000 -0.638903 0.613496 0.613496 0.613496
8878.061523 0.000000 6353.210938 0.000000 0.859990 0.000000 -0.510311 0.683430 0.683430 0.683430
8862.503906 0.000000 6344.924805 0.000000 0.554252 0.000000 -0.832349 0.738458 0.738458 0.738458
8897.482422 0.000000 6354.233887 0.000000 0.666786 0.000000 -0.745249 0.676837 0.676837 0.676837
8874.607422 0.000000 6369.285645 0.000000 0.948871 0.000000 -0.315663 0.612989 0.612989 0.612989
8896.754883 0.000000 6346.459473 0.000000 0.130715 0.000000 -0.991420 0.662541 0.662541 0.662541
8898.703125 0.000000 6373.208984 0.000000 0.989759 0.000000 -0.142745 0.615019 0.615019 0.615019
8878.380859 0.000000 6314.523926 0.000000 0.825787 0.000000 -0.563982 0.614361 0.614361 0.614361
8870.229492 0.000000 6328.205566 0.000000 0.867571 0.000000 -0.497314 0.624170 0.624170 0.624170
8882.607422 0.000000 6372.987305 0.000000 0.661551 0.000000 -0.749900 0.634293 0.634293 0.634293
8865.201172 0.000000 6358.468750 0.000000 0.991242 0.000000 -0.132062 0.628966 0.628966 0.628966
8858.656250 0.000000 6368.647461 0.000000 0.932935 0.000000 -0.360045 0.611586 0.611586 0.611586
8866.292969 0.000000 6355.295898 0.000000 0.207594 0.000000 -0.978215 0.891677 0.891677 0.891677
8904.223633 0.000000 6352.558105 0.000000 0.612558 0.000000 -0.790426 0.702403 0.702403 0.702403
8881.145508 0.000000 6354.063965 0.000000 0.296135 0.000000 -0.955146 0.676104 0.676104 0.676104
8877.571289 0.000000 6337.472168 0.000000 0.304664 0.000000 -0.952460 0.683125 0.683125 0.683125
8863.220703 0.000000 6338.227051 0.000000 0.992608 0.000000 -0.121363 0.605467 0.605467 0.605467
8869.152344 0.000000 6341.452637 0.000000 0.086134 0.000000 -0.996284 0.813481 0.813481 0.813481
8857.743164 0.000000 6365.743652 0.000000 0.572434 0.000000 -0.819951 0.647520 0.647520 0.647520
8879.655273 0.000000 6373.852051 0.000000 0.890904 0.000000 -0.454193 0.619774 0.619774 0.619774
8846.291016 0.000000 6374.467773 0.000000 0.087372 0.000000 -0.996176 0.744423 0.744423 0.744423
8880.666016 0.000000 6335.231934 0.000000 0.587281 0.000000 -0.809383 0.742683 0.742683 0.742683
8877.998047 0.000000 6331.074707 0.000000 0.604450 0.000000 -0.796643 0.674556 0.674556 0.674556
8860.311523 0.000000 6363.182129 0.000000 0.920421 0.000000 -0.390928 0.701675 0.701675 0.701675
8889.034180 0.000000 6362.477051 0.000000 0.704157 0.000000 -0.710044 0.636664 0.636664 0.636664
8893.638672 0.000000 6372.376953 0.000000 0.462080 0.000000 -0.886838 0.735574 0.735574 0.735574
8879.426758 0.000000 6351.094727 0.000000 0.166987 0.000000 -0.985959 0.789147 0.789147 0.789147
8863.360352 0.000000 6347.359375 0.000000 0.069243 0.000000 -0.997600 0.723702 0.723702 0.723702
8891.191406 0.000000 6363.766113 0.000000 0.494273 0.000000 -0.869307 0.691554 0.691554 0.691554
8859.297852 0.000000 6350.957520 0.000000 0.764941 0.000000 -0.644100 0.664996 0.664996 0.664996
8876.786133 0.000000 6350.999023 0.000000 0.999709 0.000000 -0.024106 0.602708 0.602708 0.602708
8861.869141 0.000000 6351.543945 0.000000 0.826320 0.000000 -0.563201 0.667211 0.667211 0.667211
8859.489258 0.000000 6371.004395 0.000000 0.308027 0.000000 -0.951378 0.782740 0.782740 0.782740
8901.410156 0.000000 6357.474121 0.000000 0.496747 0.000000 -0.867895 0.711772 0.711772 0.711772
8869.074219 0.000000 6355.118164 0.000000 0.010426 0.000000 -0.999946 0.948261 0.948261 0.948261
8881.485352 0.000000 6340.234863 0.000000 0.732670 0.000000 -0.680584 0.741282 0.741282 0.741282
8895.791992 0.000000 6368.172363 0.000000 0.174127 0.000000 -0.984723 0.696176 0.696176 0.696176
8879.784180 0.000000 6338.071777 0.000000 0.907459 0.000000 -0.420140 0.635723 0.635723 0.635723
8854.042969 0.000000 6370.821289 0.000000 0.842521 0.000000 -0.538663 0.638344 0.638344 0.638344
8864.049805 0.000000 6343.357422 0.000000 0.686139 0.000000 -0.727470 0.763514 0.763514 0.763514
8851.419922 0.000000 6373.586914 0.000000 0.042610 0.000000 -0.999092 0.751080 0.751080 0.751080
8867.128906 0.000000 6340.671387 0.000000 0.958488 0.000000 -0.285132 0.652840 0.652840 0.652840
8885.868164 0.000000 6355.574707 0.000000 0.978879 0.000000 -0.204441 0.623748 0.623748 0.623748
8870.867188 0.000000 6342.500977 0.000000 0.412794 0.000000 -0.910824 0.718373 0.718373 0.718373
8895.344727 0.000000 6340.685547 0.000000 0.887507 0.000000 -0.460795 0.643041 0.643041 0.643041
8866.576172 0.000000 6353.227051 0.000000 0.916086 0.000000 -0.400982 0.677871 0.677871 0.677871
8899.292969 0.000000 6365.524902 0.000000 0.600575 0.000000 -0.799569 0.691604 0.691604 0.691604
8864.745117 0.000000 6330.194336 0.000000 0.885381 0.000000 -0.464866 0.647075 0.647075 0.647075
8863.934570 0.000000 6356.896973 0.000000 0.695228 0.000000 -0.718789 0.710531 0.710531 0.710531
8876.137695 0.000000 6370.718262 0.000000 0.260609 0.000000 -0.965444 0.725313 0.725313 0.725313
8884.090820 0.000000 6337.384277 0.000000 0.798308 0.000000 -0.602250 0.672610 0.672610 0.672610
8886.130859 0.000000 6336.042480 0.000000 0.611373 0.000000 -0.791342 0.688895 0.688895 0.688895
8892.246094 0.000000 6373.654297 0.000000 0.111389 0.000000 -0.993777 0.781417 0.781417 0.781417
8877.512695 0.000000 6339.387695 0.000000 0.737744 0.000000 -0.675081 0.682146 0.682146 0.682146
8896.321289 0.000000 6352.562012 0.000000 0.552144 0.000000 -0.833749 0.898304 0.898304 0.898304
8866.876953 0.000000 6344.246094 0.000000 0.950368 0.000000 -0.311127 0.634596 0.634596 0.634596
8866.848633 0.000000 6346.190430 0.000000 0.511628 0.000000 -0.859207 0.703745 0.703745 0.703745
8893.688477 0.000000 6370.537109 0.000000 0.985184 0.000000 -0.171498 0.626850 0.626850 0.626850
8905.089844 0.000000 6346.874023 0.000000 0.659815 0.000000 -0.751428 0.727357 0.727357 0.727357
8879.821289 0.000000 6345.721680 0.000000 0.428710 0.000000 -0.903442 0.773994 0.773994 0.773994
8855.193359 0.000000 6372.289551 0.000000 0.985597 0.000000 -0.169113 0.619600 0.619600 0.619600
8904.458984 0.000000 6345.166504 0.000000 0.307017 0.000000 -0.951704 0.771581 0.771581 0.771581
8879.658203 0.000000 6353.470215 0.000000 0.909991 0.000000 -0.414627 0.666603 0.666603 0.666603
8865.547852 0.000000 6340.497070 0.000000 0.195638 0.000000 -0.980676 0.832553 0.832553 0.832553
8899.021484 0.000000 6350.471680 0.000000 0.877752 0.000000 -0.479115 0.677837 0.677837 0.677837
8861.273438 0.000000 6371.788086 0.000000 0.984830 0.000000 -0.173522 0.636574 0.636574 0.636574
8867.571289 0.000000 6354.404785 0.000000 0.935186 0.000000 -0.354157 0.677544 0.677544 0.677544
8879.583008 0.000000 6334.105957 0.000000 0.635297 0.000000 -0.772268 0.737465 0.737465 0.737465
8897.376953 0.000000 6350.170898 0.000000 0.433470 0.000000 -0.901168 0.880787 0.880787 0.880787
8892.384766 0.000000 6371.553223 0.000000 0.435187 0.000000 -0.900340 0.774565 0.774565 0.774565
8864.927734 0.000000 6342.037598 0.000000 0.964456 0.000000 -0.264243 0.653677 0.653677 0.653677
8861.257812 0.000000 6362.163086 0.000000 0.791802 0.000000 -0.610778 0.766330 0.766330 0.766330
8881.163086 0.000000 6343.186523 0.000000 0.941249 0.000000 -0.337714 0.664502 0.664502 0.664502
8906.239258 0.000000 6355.617188 0.000000 0.399139 0.000000 -0.916890 0.608690 0.608690 0.608690
8912.730469 0.000000 6346.190918 0.000000 0.980629 0.000000 -0.195874 0.604134 0.604134 0.604134
8907.668945 0.000000 6352.061035 0.000000 0.311196 0.000000 -0.950346 0.705220 0.705220 0.705220
8905.581055 0.000000 6350.826660 0.000000 0.933761 0.000000 -0.357898 0.636186 0.636186 0.636186
8905.527344 0.000000 6353.226074 0.000000 0.914713 0.000000 -0.404103 0.646735 0.646735 0.646735
8910.552734 0.000000 6345.724121 0.000000 0.193585 0.000000 -0.981084 0.736034 0.736034 0.736034
8906.291992 0.000000 6357.982910 0.000000 0.847999 0.000000 -0.529998 0.662756 0.662756 0.662756
8907.249023 0.000000 6346.663086 0.000000 0.854622 0.000000 -0.519250 0.691597 0.691597 0.691597
8908.648438 0.000000 6345.554688 0.000000 0.730428 0.000000 -0.682990 0.683340 0.683340 0.683340
8892.410156 0.000000 6375.570312 0.000000 0.703546 0.000000 -0.710650 0.622496 0.622496 0.622496
8881.720703 0.000000 6384.129395 0.000000 0.430143 0.000000 -0.902761 0.642172 0.642172 0.642172
8856.842773 0.000000 6391.067871 0.000000 0.669492 0.000000 -0.742819 0.636371 0.636371 0.636371
8849.271484 0.000000 6374.667969 0.000000 0.286839 0.000000 -0.957979 0.874153 0.874153 0.874153
8877.316406 0.000000 6380.670410 0.000000 0.333464 0.000000 -0.942763 0.725370 0.725370 0.725370
8897.242188 0.000000 6376.956055 0.000000 0.972340 0.000000 -0.233569 0.608122 0.608122 0.608122
8902.541016 0.000000 6380.354980 0.000000 0.032075 0.000000 -0.999485 0.742903 0.742903 0.742903
8846.531250 0.000000 6377.991699 0.000000 0.651766 0.000000 -0.758420 0.663188 0.663188 0.663188
8864.458008 0.000000 6386.666504 0.000000 0.982095 0.000000 -0.188385 0.620156 0.620156 0.620156
8883.144531 0.000000 6380.336914 0.000000 0.423995 0.000000 -0.905665 0.639033 0.639033 0.639033
8863.865234 0.000000 6402.109863 0.000000 0.176400 0.000000 -0.984318 0.652183 0.652183 0.652183
8898.658203 0.000000 6380.275879 0.000000 0.805139 0.000000 -0.593086 0.618069 0.618069 0.618069
8851.654297 0.000000 6377.415527 0.000000 0.883541 0.000000 -0.468354 0.629935 0.629935 0.629935
8884.597656 0.000000 6377.365234 0.000000 0.769571 0.000000 -0.638561 0.626975 0.626975 0.626975
8889.328125 0.000000 6376.355957 0.000000 0.946355 0.000000 -0.323129 0.616265 0.616265 0.616265
8894.121094 0.000000 6378.215332 0.000000 0.999845 0.000000 -0.017601 0.600659 0.600659 0.600659
8866.562500 0.000000 6374.856445 0.000000 0.514056 0.000000 -0.857756 0.650959 0.650959 0.650959
8870.494141 0.000000 6379.637207 0.000000 0.999115 0.000000 -0.042062 0.604286 0.604286 0.604286
8883.407227 0.000000 6374.554199 0.000000 0.967147 0.000000 -0.254218 0.621947 0.621947 0.621947
8855.988281 0.000000 6374.541992 0.000000 0.277341 0.000000 -0.960771 0.667619 0.667619 0.667619
8860.577148 0.000000 6384.280273 0.000000 0.433637 0.000000 -0.901088 0.658838 0.658838 0.658838
8858.165039 0.000000 6393.331055 0.000000 0.911638 0.000000 -0.410994 0.620937 0.620937 0.620937
8868.730469 0.000000 6381.445801 0.000000 0.998604 0.000000 -0.052827 0.607283 0.607283 0.607283
8849.178711 0.000000 6377.883789 0.000000 0.952392 0.000000 -0.304878 0.643623 0.643623 0.643623
8846.865234 0.000000 6375.551270 0.000000 0.786283 0.000000 -0.617866 0.664848 0.664848 0.664848
8880.007812 0.000000 6374.561035 0.000000 1.000000 0.000000 -0.000936 0.600170 0.600170 0.600170
8867.498047 0.000000 6398.166016 0.000000 0.834289 0.000000 -0.551327 0.654233 0.654233 0.654233
8862.412109 0.000000 6385.674805 0.000000 0.774165 0.000000 -0.632984 0.726282 0.726282 0.726282
8900.544922 0.000000 6381.512207 0.000000 0.397938 0.000000 -0.917412 0.711353 0.711353 0.711353
8870.311523 0.000000 6398.505371 0.000000 0.376187 0.000000 -0.926544 0.724266 0.724266 0.724266
8877.851562 0.000000 6378.771973 0.000000 0.205658 0.000000 -0.978624 0.753200 0.753200 0.753200
8864.629883 0.000000 6384.618164 0.000000 0.990233 0.000000 -0.139426 0.620325 0.620325 0.620325
8900.850586 0.000000 6379.728516 0.000000 0.845469 0.000000 -0.534024 0.713922 0.713922 0.713922
8871.977539 0.000000 6380.642578 0.000000 0.910684 0.000000 -0.413103 0.679738 0.679738 0.679738
8869.066406 0.000000 6391.023926 0.000000 0.810012 0.000000 -0.586414 0.670398 0.670398 0.670398
8869.791016 0.000000 6382.957031 0.000000 0.250680 0.000000 -0.968070 0.840754 0.840754 0.840754
8848.441406 0.000000 6376.284668 0.000000 0.005994 0.000000 -0.999982 0.820332 0.820332 0.820332
8903.699219 0.000000 6376.151855 0.000000 0.993460 0.000000 -0.114179 0.616455 0.616455 0.616455
8871.002930 0.000000 6383.980469 0.000000 0.740655 0.000000 -0.671885 0.712567 0.712567 0.712567
8900.600586 0.000000 6376.316895 0.000000 0.493564 0.000000 -0.869710 0.743756 0.743756 0.743756
8902.133789 0.000000 6379.063477 0.000000 0.467080 0.000000 -0.884215 0.824246 0.824246 0.824246
9163.224609 0.000000 6350.999023 0.000000 0.296283 0.000000 -0.955100 0.698923 0.698923 0.698923
9178.279297 0.000000 6314.483398 0.000000 0.455194 0.000000 -0.890392 0.626321 0.626321 0.626321
9181.306641 0.000000 6323.263672 0.000000 0.980056 0.000000 -0.198722 0.605394 0.605394 0.605394
9177.340820 0.000000 6302.643066 0.000000 0.734515 0.000000 -0.678593 0.681557 0.681557 0.681557
9181.321289 0.000000 6326.750000 0.000000 0.706891 0.000000 -0.707322 0.707100 0.707100 0.707100
9187.465820 0.000000 6355.617188 0.000000 0.196972 0.000000 -0.980409 0.653455 0.653455 0.653455
9210.712891 0.000000 6371.773926 0.000000 0.331580 0.000000 -0.943427 0.618467 0.618467 0.618467
9192.248047 0.000000 6350.324707 0.000000 0.834197 0.000000 -0.551466 0.614875 0.614875 0.614875
9206.344727 0.000000 6372.943848 0.000000 0.157263 0.000000 -0.987557 0.625397 0.625397 0.625397
9240.851562 0.000000 6372.706543 0.000000 0.704290 0.000000 -0.709913 0.691047 0.691047 0.691047
9197.360352 0.000000 6357.124023 0.000000 0.383590 0.000000 -0.923503 0.656424 0.656424 0.656424
9191.221680 0.000000 6355.405273 0.000000 0.598448 0.000000 -0.801161 0.687691 0.687691 0.687691
9188.895508 0.000000 6352.061035 0.000000 0.853105 0.000000 -0.521740 0.808838 0.808838 0.808838
9191.837891 0.000000 6363.362793 0.000000 0.980836 0.000000 -0.194834 0.610574 0.610574 0.610574
9194.937500 0.000000 6369.392090 0.000000 0.961843 0.000000 -0.273603 0.631965 0.631965 0.631965
9196.318359 0.000000 6359.640625 0.000000 0.185497 0.000000 -0.982645 0.772097 0.772097 0.772097
9186.753906 0.000000 6353.226074 0.000000 0.817760 0.000000 -0.575560 0.747905 0.747905 0.747905
9193.933594 0.000000 6364.361816 0.000000 0.681173 0.000000 -0.732123 0.735349 0.735349 0.735349
9192.156250 0.000000 6365.560059 0.000000 0.721501 0.000000 -0.692413 0.726022 0.726022 0.726022
9194.259766 0.000000 6360.440430 0.000000 0.754175 0.000000 -0.656673 0.731993 0.731993 0.731993
9190.870117 0.000000 6351.916504 0.000000 0.841926 0.000000 -0.539593 0.692205 0.692205 0.692205
9196.615234 0.000000 6366.304688 0.000000 0.272655 0.000000 -0.962112 0.892832 0.892832 0.892832
9197.867188 0.000000 6360.391113 0.000000 0.837059 0.000000 -0.547112 0.683248 0.683248 0.683248
9195.795898 0.000000 6367.789551 0.000000 0.333981 0.000000 -0.942580 0.854315 0.854315 0.854315
9196.280273 0.000000 6361.130859 0.000000 0.426130 0.000000 -0.904662 0.762580 0.762580 0.762580
9194.292969 0.000000 6367.927734 0.000000 0.939306 0.000000 -0.343081 0.672390 0.672390 0.672390
9194.057617 0.000000 6362.949219 0.000000 0.960352 0.000000 -0.278790 0.671947 0.671947 0.671947
9321.384766 0.000000 6356.941406 0.000000 0.478744 0.000000 -0.877954 0.633708 0.633708 0.633708
9319.677734 0.000000 6359.588379 0.000000 0.779374 0.000000 -0.626559 0.636515 0.636515 0.636515
9146.303711 0.000000 6398.452637 0.000000 0.432822 0.000000 -0.901480 0.670662 0.670662 0.670662
9147.751953 0.000000 6394.408691 0.000000 0.996377 0.000000 -0.085052 0.605357 0.605357 0.605357
9145.684570 0.000000 6386.666504 0.000000 0.309326 0.000000 -0.950956 0.705384 0.705384 0.705384
9159.805664 0.000000 6386.892578 0.000000 0.176668 0.000000 -0.984271 0.658433 0.658433 0.658433
9186.654297 0.000000 6406.225098 0.000000 0.989304 0.000000 -0.145867 0.617104 0.617104 0.617104
9143.690430 0.000000 6388.473145 0.000000 0.925486 0.000000 -0.378781 0.697762 0.697762 0.697762
9148.724609 0.000000 6398.166016 0.000000 0.478221 0.000000 -0.878240 0.731695 0.731695 0.731695
9149.767578 0.000000 6394.471680 0.000000 0.997756 0.000000 -0.066959 0.606825 0.606825 0.606825
9157.783203 0.000000 6382.498535 0.000000 0.970599 0.000000 -0.240704 0.623669 0.623669 0.623669
9157.162109 0.000000 6384.160645 0.000000 0.166051 0.000000 -0.986117 0.791378 0.791378 0.791378
9141.657227 0.000000 6407.032227 0.000000 0.860906 0.000000 -0.508764 0.661563 0.661563 0.661563
9144.884766 0.000000 6389.437500 0.000000 0.753703 0.000000 -0.657215 0.729977 0.729977 0.729977
9236.227539 0.000000 6405.109863 0.000000 0.858782 0.000000 -0.512340 0.605640 0.605640 0.605640
9200.901367 0.000000 6389.483398 0.000000 0.302840 0.000000 -0.953041 0.683251 0.683251 0.683251
9238.766602 0.000000 6390.801270 0.000000 0.077355 0.000000 -0.997004 0.984756 0.984756 0.984756
9228.877930 0.000000 6396.904297 0.000000 0.961345 0.000000 -0.275347 0.612535 0.612535 0.612535
9256.386719 0.000000 6376.566406 0.000000 0.970005 0.000000 -0.243084 0.605517 0.605517 0.605517
9252.604492 0.000000 6412.093262 0.000000 0.140666 0.000000 -0.990057 0.786313 0.786313 0.786313
9189.542969 0.000000 6404.567383 0.000000 0.741654 0.000000 -0.670782 0.668285 0.668285 0.668285
9242.942383 0.000000 6404.183594 0.000000 0.924174 0.000000 -0.381971 0.635812 0.635812 0.635812
9231.811523 0.000000 6391.067871 0.000000 0.609537 0.000000 -0.792758 0.645246 0.645246 0.645246
9200.328125 0.000000 6384.256836 0.000000 0.149652 0.000000 -0.988739 0.721292 0.721292 0.721292
9219.604492 0.000000 6386.357910 0.000000 0.018403 0.000000 -0.999831 0.986012 0.986012 0.986012
9248.935547 0.000000 6410.142578 0.000000 0.992745 0.000000 -0.120243 0.605236 0.605236 0.605236
9212.157227 0.000000 6389.765625 0.000000 0.855982 0.000000 -0.517005 0.661042 0.661042 0.661042
9238.833984 0.000000 6402.109863 0.000000 0.950120 0.000000 -0.311886 0.619955 0.619955 0.619955
9215.376953 0.000000 6390.948730 0.000000 0.922754 0.000000 -0.385389 0.642076 0.642076 0.642076
9228.863281 0.000000 6390.227051 0.000000 0.509172 0.000000 -0.860665 0.651240 0.651240 0.651240
9230.144531 0.000000 6393.713379 0.000000 0.678746 0.000000 -0.734374 0.634591 0.634591 0.634591
9241.529297 0.000000 6401.570312 0.000000 0.999976 0.000000 -0.006953 0.600292 0.600292 0.600292
9220.184570 0.000000 6389.025879 0.000000 0.206076 0.000000 -0.978536 0.773572 0.773572 0.773572
9217.876953 0.000000 6388.125488 0.000000 0.494824 0.000000 -0.868993 0.828747 0.828747 0.828747
9240.514648 0.000000 6392.258789 0.000000 0.439674 0.000000 -0.898157 0.740367 0.740367 0.740367
9188.261719 0.000000 6408.967773 0.000000 0.609351 0.000000 -0.792901 0.693258 0.693258 0.693258
9240.561523 0.000000 6403.662598 0.000000 0.441780 0.000000 -0.897123 0.671703 0.671703 0.671703
9252.376953 0.000000 6414.380371 0.000000 0.701558 0.000000 -0.712613 0.698619 0.698619 0.698619
9189.067383 0.000000 6406.705566 0.000000 0.993480 0.000000 -0.114004 0.615403 0.615403 0.615403
9239.872070 0.000000 6388.831055 0.000000 0.474119 0.000000 -0.880461 0.761302 0.761302 0.761302
9248.795898 0.000000 6396.737305 0.000000 0.399515 0.000000 -0.916727 0.711188 0.711188 0.711188
9239.694336 0.000000 6412.951172 0.000000 0.409165 0.000000 -0.912461 0.703290 0.703290 0.703290
9214.080078 0.000000 6389.269043 0.000000 0.094479 0.000000 -0.995527 0.803431 0.803431 0.803431
9238.614258 0.000000 6427.354004 0.000000 0.799014 0.000000 -0.601312 0.673445 0.673445 0.673445
9216.441406 0.000000 6389.341797 0.000000 0.782155 0.000000 -0.623083 0.746106 0.746106 0.746106
9237.331055 0.000000 6410.141113 0.000000 0.986678 0.000000 -0.162686 0.621785 0.621785 0.621785
9239.973633 0.000000 6393.800293 0.000000 0.523825 0.000000 -0.851826 0.767979 0.767979 0.767979
9218.692383 0.000000 6389.486816 0.000000 0.997053 0.000000 -0.076719 0.617945 0.617945 0.617945
9250.875000 0.000000 6414.037598 0.000000 0.007580 0.000000 -0.999971 0.941872 0.941872 0.941872
9234.224609 0.000000 6408.035645 0.000000 0.231981 0.000000 -0.972720 0.806232 0.806232 0.806232
9200.966797 0.000000 6387.468262 0.000000 0.200721 0.000000 -0.979649 0.880880 0.880880 0.880880
9221.005859 0.000000 6386.091797 0.000000 0.545072 0.000000 -0.838389 0.750432 0.750432 0.750432
9219.226562 0.000000 6387.791016 0.000000 0.221186 0.000000 -0.975232 0.935131 0.935131 0.935131
9241.827148 0.000000 6391.758301 0.000000 0.542115 0.000000 -0.840304 0.845131 0.845131 0.845131
9305.470703 0.000000 6399.990723 0.000000 0.927154 0.000000 -0.374680 0.600575 0.600575 0.600575
9297.840820 0.000000 6397.076660 0.000000 0.384611 0.000000 -0.923079 0.719787 0.719787 0.719787
9302.062500 0.000000 6390.830566 0.000000 0.785538 0.000000 -0.618813 0.616991 0.616991 0.616991
9284.908203 0.000000 6417.659668 0.000000 0.622078 0.000000 -0.782955 0.608083 0.608083 0.608083
9290.124023 0.000000 6397.550293 0.000000 0.469312 0.000000 -0.883032 0.655120 0.655120 0.655120
9286.512695 0.000000 6376.306152 0.000000 0.984252 0.000000 -0.176770 0.603194 0.603194 0.603194
9288.422852 0.000000 6402.905762 0.000000 0.875804 0.000000 -0.482666 0.664133 0.664133 0.664133
9302.686523 0.000000 6395.935547 0.000000 0.999745 0.000000 -0.022562 0.600811 0.600811 0.600811
9305.172852 0.000000 6408.559570 0.000000 0.623387 0.000000 -0.781914 0.644376 0.644376 0.644376
9293.726562 0.000000 6394.270508 0.000000 0.915589 0.000000 -0.402115 0.657029 0.657029 0.657029
9305.899414 0.000000 6389.765625 0.000000 0.453797 0.000000 -0.891105 0.652716 0.652716 0.652716
9308.627930 0.000000 6402.274902 0.000000 0.173359 0.000000 -0.984859 0.650207 0.650207 0.650207
9296.005859 0.000000 6386.690430 0.000000 0.921892 0.000000 -0.387447 0.646486 0.646486 0.646486
9290.458008 0.000000 6405.174316 0.000000 0.141083 0.000000 -0.989998 0.976799 0.976799 0.976799
9297.082031 0.000000 6399.898438 0.000000 0.253757 0.000000 -0.967268 0.741741 0.741741 0.741741
9294.829102 0.000000 6396.959473 0.000000 0.813504 0.000000 -0.581560 0.673445 0.673445 0.673445
9287.184570 0.000000 6412.524902 0.000000 0.149203 0.000000 -0.988807 0.746874 0.746874 0.746874
9285.800781 0.000000 6410.526855 0.000000 0.900319 0.000000 -0.435230 0.654635 0.654635 0.654635
9291.462891 0.000000 6403.370117 0.000000 0.685089 0.000000 -0.728459 0.746690 0.746690 0.746690
9296.216797 0.000000 6398.243164 0.000000 0.951966 0.000000 -0.306205 0.633564 0.633564 0.633564
9293.081055 0.000000 6395.999023 0.000000 0.009532 0.000000 -0.999955 0.815157 0.815157 0.815157
9309.004883 0.000000 6392.859375 0.000000 0.898927 0.000000 -0.438099 0.657060 0.657060 0.657060
9288.800781 0.000000 6381.811523 0.000000 0.993379 0.000000 -0.114882 0.613797 0.613797 0.613797
9290.836914 0.000000 6406.779297 0.000000 0.895818 0.000000 -0.444422 0.679332 0.679332 0.679332
9291.902344 0.000000 6404.823730 0.000000 0.151893 0.000000 -0.988397 0.973918 0.973918 0.973918
9289.120117 0.000000 6404.883789 0.000000 0.647561 0.000000 -0.762013 0.806355 0.806355 0.806355
9257.454102 0.000000 6500.362793 0.000000 0.335312 0.000000 -0.942107 0.616567 0.616567 0.616567
9238.766602 0.000000 6484.543457 0.000000 0.660535 0.000000 -0.750795 0.641981 0.641981 0.641981
9252.967773 0.000000 6521.526367 0.000000 0.991436 0.000000 -0.130590 0.604708 0.604708 0.604708
9230.120117 0.000000 6502.870605 0.000000 0.572911 0.000000 -0.819618 0.614391 0.614391 0.614391
9245.237305 0.000000 6486.079590 0.000000 0.921073 0.000000 -0.389391 0.619172 0.619172 0.619172
9250.483398 0.000000 6527.358398 0.000000 0.813564 0.000000 -0.581475 0.608366 0.608366 0.608366
9226.066406 0.000000 6504.354004 0.000000 0.744793 0.000000 -0.667296 0.672227 0.672227 0.672227
9253.807617 0.000000 6498.077148 0.000000 0.996766 0.000000 -0.080356 0.602169 0.602169 0.602169
9229.285156 0.000000 6506.821289 0.000000 0.897208 0.000000 -0.441608 0.654811 0.654811 0.654811
9244.434570 0.000000 6490.267578 0.000000 0.741116 0.000000 -0.671377 0.631975 0.631975 0.631975
9247.731445 0.000000 6488.636230 0.000000 0.936909 0.000000 -0.349574 0.615513 0.615513 0.615513
9235.276367 0.000000 6484.189941 0.000000 0.793460 0.000000 -0.608622 0.628424 0.628424 0.628424
9252.540039 0.000000 6524.956543 0.000000 0.217259 0.000000 -0.976114 0.689095 0.689095 0.689095
9243.875000 0.000000 6478.257324 0.000000 0.983817 0.000000 -0.179179 0.608366 0.608366 0.608366
9230.933594 0.000000 6505.104492 0.000000 0.973208 0.000000 -0.229928 0.621894 0.621894 0.621894
9236.876953 0.000000 6485.762695 0.000000 0.303350 0.000000 -0.952879 0.688890 0.688890 0.688890
9228.473633 0.000000 6504.777344 0.000000 0.542079 0.000000 -0.840327 0.734529 0.734529 0.734529
9253.809570 0.000000 6523.386719 0.000000 0.928900 0.000000 -0.370330 0.647166 0.647166 0.647166
9315.043945 0.000000 6484.553711 0.000000 0.138961 0.000000 -0.990298 0.737223 0.737223 0.737223
9314.351562 0.000000 6481.235352 0.000000 0.999713 0.000000 -0.023939 0.603730 0.603730 0.603730
9315.375000 0.000000 6482.277344 0.000000 0.931143 0.000000 -0.364655 0.683868 0.683868 0.683868
9219.197266 0.000000 6615.122559 0.000000 0.997759 0.000000 -0.066914 0.610231 0.610231 0.610231
9219.965820 0.000000 6611.534180 0.000000 0.790474 0.000000 -0.612496 0.754043 0.754043 0.754043
9221.134766 0.000000 6617.007812 0.000000 0.998478 0.000000 -0.055147 0.602562 0.602562 0.602562
9203.821289 0.000000 6602.872070 0.000000 0.591089 0.000000 -0.806606 0.861449 0.861449 0.861449
9218.666992 0.000000 6608.747559 0.000000 0.343269 0.000000 -0.939237 0.764527 0.764527 0.764527
9223.329102 0.000000 6596.299316 0.000000 0.993790 0.000000 -0.111272 0.620043 0.620043 0.620043
9068.357422 0.000000 7213.292969 0.000000 0.950183 0.000000 -0.311691 0.605698 0.605698 0.605698
9059.969727 0.000000 7212.276855 0.000000 0.176064 0.000000 -0.984379 0.723182 0.723182 0.723182
9060.280273 0.000000 7214.417969 0.000000 0.971050 0.000000 -0.238874 0.626737 0.626737 0.626737
9056.106445 0.000000 7207.260254 0.000000 0.994787 0.000000 -0.101976 0.610864 0.610864 0.610864
9051.418945 0.000000 7200.576660 0.000000 0.311877 0.000000 -0.950122 0.731449 0.731449 0.731449
9061.444336 0.000000 7211.513672 0.000000 0.693574 0.000000 -0.720385 0.875916 0.875916 0.875916
9071.060547 0.000000 7215.605957 0.000000 0.586265 0.000000 -0.810119 0.815016 0.815016 0.815016
9071.586914 0.000000 7212.943359 0.000000 0.065195 0.000000 -0.997873 1.082616 1.082616 1.082616
9060.216797 0.000000 7210.994629 0.000000 0.335176 0.000000 -0.942156 1.021580 1.021580 1.021580
9084.813477 0.000000 7237.962891 0.000000 0.512012 0.000000 -0.858979 0.629408 0.629408 0.629408
9068.902344 0.000000 7220.246094 0.000000 0.843575 0.000000 -0.537011 0.616983 0.616983 0.616983
9048.570312 0.000000 7278.025879 0.000000 0.469425 0.000000 -0.882972 0.659977 0.659977 0.659977
9078.313477 0.000000 7236.053223 0.000000 0.075006 0.000000 -0.997183 0.743391 0.743391 0.743391
9053.748047 0.000000 7279.985352 0.000000 0.653695 0.000000 -0.756758 0.693858 0.693858 0.693858
9091.786133 0.000000 7280.947754 0.000000 0.885726 0.000000 -0.464209 0.610847 0.610847 0.610847
9061.451172 0.000000 7253.822266 0.000000 0.944133 0.000000 -0.329565 0.642258 0.642258 0.642258
9081.293945 0.000000 7238.763672 0.000000 0.206685 0.000000 -0.978408 1.091904 1.091904 1.091904
9050.705078 0.000000 7275.648926 0.000000 0.594590 0.000000 -0.804029 0.688145 0.688145 0.688145
9056.636719 0.000000 7278.874512 0.000000 0.612614 0.000000 -0.790382 0.662802 0.662802 0.662802
9088.301758 0.000000 7255.147949 0.000000 0.098050 0.000000 -0.995182 0.769849 0.769849 0.769849
9066.130859 0.000000 7220.562012 0.000000 0.348153 0.000000 -0.937438 0.678272 0.678272 0.678272
9069.996094 0.000000 7260.559082 0.000000 0.767135 0.000000 -0.641486 0.666765 0.666765 0.666765
9065.882812 0.000000 7260.094238 0.000000 0.919338 0.000000 -0.393469 0.663000 0.663000 0.663000
9067.274414 0.000000 7225.912598 0.000000 0.967020 0.000000 -0.254700 0.622761 0.622761 0.622761
9067.755859 0.000000 7255.982910 0.000000 0.600743 0.000000 -0.799442 0.891402 0.891402 0.891402
9060.640625 0.000000 7251.396484 0.000000 0.999773 0.000000 -0.021295 0.602456 0.602456 0.602456
9083.598633 0.000000 7240.064941 0.000000 0.074540 0.000000 -0.997218 0.718783 0.718783 0.718783
9064.066406 0.000000 7253.649902 0.000000 0.802394 0.000000 -0.596795 0.693877 0.693877 0.693877
9089.458984 0.000000 7280.774902 0.000000 0.896634 0.000000 -0.442773 0.674892 0.674892 0.674892
9064.892578 0.000000 7258.060059 0.000000 0.832557 0.000000 -0.553940 0.747742 0.747742 0.747742
9066.602539 0.000000 7254.129883 0.000000 0.995848 0.000000 -0.091031 0.628675 0.628675 0.628675
9071.288086 0.000000 7232.794922 0.000000 0.947699 0.000000 -0.319165 0.649633 0.649633 0.649633
9085.033203 0.000000 7243.135254 0.000000 0.890273 0.000000 -0.455426 0.780616 0.780616 0.780616
9069.174805 0.000000 7225.296387 0.000000 0.974430 0.000000 -0.224691 0.671968 0.671968 0.671968
9062.218750 0.000000 7261.389160 0.000000 0.492521 0.000000 -0.870301 1.003291 1.003291 1.003291
9055.880859 0.000000 7276.680176 0.000000 0.635022 0.000000 -0.772494 0.719008 0.719008 0.719008
9086.873047 0.000000 7280.586914 0.000000 0.986198 0.000000 -0.165567 0.617441 0.617441 0.617441
9080.041992 0.000000 7240.056152 0.000000 0.281102 0.000000 -0.959678 0.777203 0.777203 0.777203
9064.752930 0.000000 7263.421875 0.000000 0.960250 0.000000 -0.279143 0.666531 0.666531 0.666531
9091.160156 0.000000 7249.373535 0.000000 0.102488 0.000000 -0.994734 0.808919 0.808919 0.808919
9092.574219 0.000000 7284.295898 0.000000 0.999984 0.000000 -0.005582 0.602132 0.602132 0.602132
9088.866211 0.000000 7283.877930 0.000000 0.563967 0.000000 -0.825798 0.864885 0.864885 0.864885
9081.425781 0.000000 7242.668457 0.000000 0.874261 0.000000 -0.485455 0.707058 0.707058 0.707058
9069.194336 0.000000 7218.186035 0.000000 0.187281 0.000000 -0.982306 0.757376 0.757376 0.757376
9083.261719 0.000000 7246.316406 0.000000 0.095871 0.000000 -0.995394 1.081586 1.081586 1.081586
9089.465820 0.000000 7243.111328 0.000000 0.894774 0.000000 -0.446519 0.719949 0.719949 0.719949
9063.390625 0.000000 7257.717285 0.000000 0.949303 0.000000 -0.314361 0.647901 0.647901 0.647901
9081.961914 0.000000 7244.057617 0.000000 0.998956 0.000000 -0.045682 0.608625 0.608625 0.608625
9064.633789 0.000000 7250.982910 0.000000 0.928877 0.000000 -0.370389 0.723333 0.723333 0.723333
9064.619141 0.000000 7259.381348 0.000000 0.946206 0.000000 -0.323565 0.682918 0.682918 0.682918
9066.635742 0.000000 7222.242188 0.000000 0.301575 0.000000 -0.953443 0.874639 0.874639 0.874639
9093.723633 0.000000 7293.039062 0.000000 0.983950 0.000000 -0.178443 0.617737 0.617737 0.617737
9099.572266 0.000000 7295.928711 0.000000 0.849851 0.000000 -0.527023 0.654047 0.654047 0.654047
9110.878906 0.000000 7284.208984 0.000000 0.938086 0.000000 -0.346404 0.619605 0.619605 0.619605
9093.399414 0.000000 7285.854492 0.000000 0.969406 0.000000 -0.245461 0.694727 0.694727 0.694727
9107.146484 0.000000 7285.013184 0.000000 0.676711 0.000000 -0.736249 0.834275 0.834275 0.834275
9106.594727 0.000000 7279.204590 0.000000 0.394869 0.000000 -0.918737 0.711673 0.711673 0.711673
9103.081055 0.000000 7269.233398 0.000000 0.523301 0.000000 -0.852148 0.801696 0.801696 0.801696
9093.011719 0.000000 7290.647949 0.000000 0.485558 0.000000 -0.874204 0.862926 0.862926 0.862926
9098.859375 0.000000 7285.418945 0.000000 0.849313 0.000000 -0.527890 0.719122 0.719122 0.719122
9095.490234 0.000000 7291.744629 0.000000 0.145286 0.000000 -0.989390 0.781436 0.781436 0.781436
9098.037109 0.000000 7283.145996 0.000000 0.796631 0.000000 -0.604466 0.694313 0.694313 0.694313
9095.613281 0.000000 7294.103516 0.000000 0.085796 0.000000 -0.996313 0.849118 0.849118 0.849118
9099.408203 0.000000 7292.666016 0.000000 0.726692 0.000000 -0.686963 0.888134 0.888134 0.888134
9109.883789 0.000000 7277.096191 0.000000 0.717657 0.000000 -0.696396 0.699240 0.699240 0.699240
9103.391602 0.000000 7282.200195 0.000000 0.994693 0.000000 -0.102885 0.612042 0.612042 0.612042
9102.468750 0.000000 7285.478516 0.000000 0.727553 0.000000 -0.686051 0.791394 0.791394 0.791394
9103.640625 0.000000 7275.645996 0.000000 0.890759 0.000000 -0.454475 0.655829 0.655829 0.655829
9098.691406 0.000000 7260.310059 0.000000 0.677394 0.000000 -0.735620 0.757246 0.757246 0.757246
9101.500000 0.000000 7284.375488 0.000000 0.440444 0.000000 -0.897780 0.984042 0.984042 0.984042
9097.052734 0.000000 7287.875000 0.000000 0.551684 0.000000 -0.834053 0.764011 0.764011 0.764011
9098.733398 0.000000 7261.841797 0.000000 0.200993 0.000000 -0.979593 0.860325 0.860325 0.860325
9093.219727 0.000000 7252.239746 0.000000 0.513200 0.000000 -0.858269 0.810214 0.810214 0.810214
9098.893555 0.000000 7284.113770 0.000000 0.953436 0.000000 -0.301594 0.665624 0.665624 0.665624
9366.185547 0.000000 7432.621582 0.000000 0.508076 0.000000 -0.861312 0.716597 0.716597 0.716597
9368.310547 0.000000 7433.804688 0.000000 0.289957 0.000000 -0.957040 0.718561 0.718561 0.718561
9366.043945 0.000000 7434.439941 0.000000 0.310808 0.000000 -0.950473 0.739085 0.739085 0.739085
9370.692383 0.000000 7430.595703 0.000000 0.654303 0.000000 -0.756233 0.790110 0.790110 0.790110
9443.758789 0.000000 7375.678711 0.000000 0.971311 0.000000 -0.237815 0.626976 0.626976 0.626976
9445.432617 0.000000 7378.712891 0.000000 0.968535 0.000000 -0.248877 0.629387 0.629387 0.629387
9447.975586 0.000000 7374.409668 0.000000 0.873356 0.000000 -0.487082 0.714310 0.714310 0.714310
9447.472656 0.000000 7379.179688 0.000000 0.013247 0.000000 -0.999912 0.870639 0.870639 0.870639
9447.280273 0.000000 7372.179199 0.000000 0.064279 0.000000 -0.997932 0.938488 0.938488 0.938488
9380.217773 0.000000 7430.442871 0.000000 0.581657 0.000000 -0.813434 0.644116 0.644116 0.644116
9377.362305 0.000000 7416.581543 0.000000 0.119173 0.000000 -0.992874 0.734788 0.734788 0.734788
9377.641602 0.000000 7430.880859 0.000000 0.707246 0.000000 -0.706967 0.751727 0.751727 0.751727
9378.083008 0.000000 7412.360352 0.000000 0.406300 0.000000 -0.913740 0.729465 0.729465 0.729465
9376.162109 0.000000 7431.257812 0.000000 0.858808 0.000000 -0.512297 0.703932 0.703932 0.703932
9568.941406 0.000000 7700.991699 0.000000 0.041407 0.000000 -0.999142 0.771817 0.771817 0.771817
9569.495117 0.000000 7699.160645 0.000000 0.898741 0.000000 -0.438480 0.648274 0.648274 0.648274
"}
