object={
	name="tree_leaf_quelthalas_high_generator_2_0"
	render_pass=Map
	clamp_to_water_level=no
	generated_content=yes
	layer="tree_high_layer"
	pdxmesh="tree_leaf_quelthalas_b_mesh"
	count=52
	transform="7497.870117 0.000000 8667.431641 0.000000 0.510476 0.000000 -0.859892 0.409303 0.409303 0.409303
7490.622070 0.000000 8690.013672 0.000000 0.913443 0.000000 0.406966 0.389745 0.389745 0.389745
7494.685059 0.000000 8661.281250 0.000000 0.036891 0.000000 0.999319 0.332602 0.332602 0.332602
7457.228027 0.000000 8690.914062 0.000000 0.359280 0.000000 -0.933230 0.505744 0.505744 0.505744
7493.860352 0.000000 8672.064453 0.000000 0.134976 0.000000 -0.990849 0.523991 0.523991 0.523991
7492.742188 0.000000 8704.583984 0.000000 0.358557 0.000000 0.933508 0.299599 0.299599 0.299599
7491.789551 0.000000 8712.454102 0.000000 0.346020 0.000000 -0.938227 0.497263 0.497263 0.497263
7468.405273 0.000000 8715.467773 0.000000 0.177591 0.000000 -0.984104 0.500104 0.500104 0.500104
7353.445312 0.000000 8777.261719 0.000000 0.654028 0.000000 -0.756470 0.439409 0.439409 0.439409
7324.008789 0.000000 8784.025391 0.000000 0.912074 0.000000 -0.410025 0.430377 0.430377 0.430377
7361.106445 0.000000 8775.347656 0.000000 0.667107 0.000000 -0.744962 0.455815 0.455815 0.455815
7465.994629 0.000000 8769.149414 0.000000 0.977532 0.000000 -0.210785 0.402015 0.402015 0.402015
7430.328613 0.000000 8752.114258 0.000000 0.959637 0.000000 0.281242 0.396726 0.396726 0.396726
7458.047852 0.000000 8789.969727 0.000000 0.815442 0.000000 -0.578838 0.409555 0.409555 0.409555
7448.394531 0.000000 8786.016602 0.000000 0.875742 0.000000 -0.482778 0.410817 0.410817 0.410817
7419.787109 0.000000 8784.887695 0.000000 0.969161 0.000000 0.246427 0.393162 0.393162 0.393162
7451.678223 0.000000 8786.176758 0.000000 0.754016 0.000000 0.656856 0.327719 0.327719 0.327719
7442.054199 0.000000 8778.413086 0.000000 0.014425 0.000000 -0.999896 0.441187 0.441187 0.441187
7462.826172 0.000000 8768.413086 0.000000 0.997515 0.000000 -0.070457 0.401831 0.401831 0.401831
7470.616211 0.000000 8733.199219 0.000000 0.983689 0.000000 0.179876 0.394311 0.394311 0.394311
7427.430664 0.000000 8731.347656 0.000000 0.355031 0.000000 -0.934855 0.521221 0.521221 0.521221
7464.019043 0.000000 8806.068359 0.000000 0.953447 0.000000 -0.301561 0.413919 0.413919 0.413919
7425.538574 0.000000 8779.109375 0.000000 0.813114 0.000000 0.582105 0.374251 0.374251 0.374251
7449.427734 0.000000 8728.110352 0.000000 0.004984 0.000000 0.999988 0.270217 0.270217 0.270217
7426.389648 0.000000 8767.470703 0.000000 0.246861 0.000000 -0.969051 0.463338 0.463338 0.463338
7466.353027 0.000000 8805.893555 0.000000 0.734442 0.000000 0.678671 0.348228 0.348228 0.348228
7447.394531 0.000000 8726.483398 0.000000 0.899866 0.000000 -0.436167 0.425691 0.425691 0.425691
7472.984863 0.000000 8754.004883 0.000000 0.828013 0.000000 -0.560709 0.435071 0.435071 0.435071
7464.500488 0.000000 8738.246094 0.000000 0.483554 0.000000 -0.875315 0.473991 0.473991 0.473991
7406.772949 0.000000 8805.522461 0.000000 0.075579 0.000000 0.997140 0.308176 0.308176 0.308176
7431.063477 0.000000 8755.767578 0.000000 0.723684 0.000000 0.690131 0.348658 0.348658 0.348658
7327.419922 0.000000 8823.987305 0.000000 0.229597 0.000000 0.973286 0.351189 0.351189 0.351189
7440.824707 0.000000 8835.561523 0.000000 0.547442 0.000000 0.836843 0.368811 0.368811 0.368811
7446.621582 0.000000 8837.606445 0.000000 0.861018 0.000000 0.508575 0.379487 0.379487 0.379487
7443.045898 0.000000 8815.180664 0.000000 0.999870 0.000000 -0.016137 0.400838 0.400838 0.400838
7407.497559 0.000000 8870.620117 0.000000 0.964395 0.000000 -0.264464 0.414032 0.414032 0.414032
7438.235352 0.000000 8814.486328 0.000000 0.802353 0.000000 0.596850 0.356250 0.356250 0.356250
7399.724609 0.000000 8933.679688 0.000000 0.939785 0.000000 0.341765 0.375618 0.375618 0.375618
7408.264648 0.000000 8922.459961 0.000000 0.417406 0.000000 0.908720 0.364702 0.364702 0.364702
7408.583984 0.000000 8907.901367 0.000000 0.999451 0.000000 0.033130 0.398660 0.398660 0.398660
7467.919434 0.000000 8906.344727 0.000000 0.816258 0.000000 -0.577688 0.449203 0.449203 0.449203
7468.082520 0.000000 8923.742188 0.000000 0.996195 0.000000 -0.087150 0.404270 0.404270 0.404270
7405.960449 0.000000 8907.845703 0.000000 0.999210 0.000000 0.039747 0.397896 0.397896 0.397896
7407.965332 0.000000 8937.745117 0.000000 0.360967 0.000000 -0.932579 0.472590 0.472590 0.472590
7507.139160 0.000000 8633.466797 0.000000 0.961426 0.000000 -0.275063 0.410157 0.410157 0.410157
7515.184570 0.000000 8712.176758 0.000000 0.194650 0.000000 -0.980873 0.456293 0.456293 0.456293
7509.463867 0.000000 8675.366211 0.000000 0.638251 0.000000 0.769828 0.359203 0.359203 0.359203
7500.140137 0.000000 8639.590820 0.000000 0.985604 0.000000 -0.169069 0.414675 0.414675 0.414675
7514.980957 0.000000 8708.039062 0.000000 0.270399 0.000000 0.962748 0.322936 0.322936 0.322936
7562.638672 0.000000 8780.270508 0.000000 0.247326 0.000000 0.968932 0.351855 0.351855 0.351855
7569.967285 0.000000 8767.672852 0.000000 0.873661 0.000000 0.486535 0.372599 0.372599 0.372599
7536.639160 0.000000 8726.203125 0.000000 0.039389 0.000000 0.999224 0.272305 0.272305 0.272305
"}
