object={
	name="tree_leaf_01_single_generator_1_0"
	render_pass=Map
	clamp_to_water_level=no
	generated_content=yes
	layer="tree_high_layer"
	pdxmesh="tree_leaf_01_single_a_mesh"
	count=596
	transform="8861.258789 0.000000 6405.109863 0.000000 0.970719 0.000000 0.240217 0.694913 0.694913 0.694913
8898.586914 0.000000 6413.432617 0.000000 0.642714 0.000000 0.766107 0.552053 0.552053 0.552053
8851.273438 0.000000 6435.718750 0.000000 0.991979 0.000000 0.126406 0.694020 0.694020 0.694020
8863.797852 0.000000 6390.801270 0.000000 0.174650 0.000000 0.984631 0.656110 0.656110 0.656110
8856.761719 0.000000 6426.933594 0.000000 0.633510 0.000000 0.773735 0.669078 0.669078 0.669078
8889.232422 0.000000 6385.173340 0.000000 0.765308 0.000000 -0.643664 0.754992 0.754992 0.754992
8890.163086 0.000000 6418.750488 0.000000 0.999671 0.000000 -0.025660 0.705113 0.705113 0.705113
8877.999023 0.000000 6427.784180 0.000000 0.003734 0.000000 0.999993 0.637013 0.637013 0.637013
8886.729492 0.000000 6454.412109 0.000000 0.097815 0.000000 -0.995205 1.068066 1.068066 1.068066
8866.100586 0.000000 6458.032227 0.000000 0.003806 0.000000 -0.999993 0.708215 0.708215 0.708215
8872.268555 0.000000 6418.671387 0.000000 0.901784 0.000000 -0.432186 0.717182 0.717182 0.717182
8895.802734 0.000000 6443.926758 0.000000 0.996731 0.000000 -0.080795 0.721202 0.721202 0.721202
8860.280273 0.000000 6421.518066 0.000000 0.999940 0.000000 -0.010948 0.701779 0.701779 0.701779
8884.508789 0.000000 6422.553223 0.000000 0.056913 0.000000 -0.998379 0.739684 0.739684 0.739684
8856.548828 0.000000 6439.067383 0.000000 0.987722 0.000000 -0.156224 0.704112 0.704112 0.704112
8853.404297 0.000000 6403.131836 0.000000 0.692658 0.000000 -0.721266 0.707040 0.707040 0.707040
8864.469727 0.000000 6429.108398 0.000000 0.679053 0.000000 -0.734089 0.710084 0.710084 0.710084
8872.126953 0.000000 6425.594727 0.000000 0.834823 0.000000 0.550518 0.694906 0.694906 0.694906
8884.960938 0.000000 6415.871582 0.000000 0.344907 0.000000 -0.938637 0.759632 0.759632 0.759632
8866.139648 0.000000 6416.943848 0.000000 0.992359 0.000000 -0.123385 0.719240 0.719240 0.719240
8875.514648 0.000000 6433.616211 0.000000 0.132261 0.000000 -0.991215 0.717593 0.717593 0.717593
8855.837891 0.000000 6432.651855 0.000000 0.443416 0.000000 -0.896316 0.750498 0.750498 0.750498
8866.263672 0.000000 6436.305664 0.000000 0.859735 0.000000 0.510740 0.686885 0.686885 0.686885
8860.507812 0.000000 6394.496094 0.000000 0.994043 0.000000 -0.108986 0.703053 0.703053 0.703053
8889.217773 0.000000 6423.480469 0.000000 0.512198 0.000000 -0.858868 0.732496 0.732496 0.732496
8876.042969 0.000000 6422.723145 0.000000 0.479498 0.000000 -0.877543 0.750521 0.750521 0.750521
8875.842773 0.000000 6416.042969 0.000000 0.596913 0.000000 -0.802306 0.729291 0.729291 0.729291
8878.838867 0.000000 6404.334961 0.000000 0.818841 0.000000 0.574020 0.645507 0.645507 0.645507
8868.688477 0.000000 6427.951172 0.000000 0.113990 0.000000 0.993482 0.539636 0.539636 0.539636
8848.223633 0.000000 6438.864746 0.000000 0.281245 0.000000 -0.959636 0.758419 0.758419 0.758419
8870.612305 0.000000 6442.330078 0.000000 0.989475 0.000000 -0.144703 0.705837 0.705837 0.705837
8880.138672 0.000000 6422.958496 0.000000 0.507098 0.000000 0.861888 0.669133 0.669133 0.669133
8851.715820 0.000000 6431.472168 0.000000 0.868756 0.000000 0.495241 0.688229 0.688229 0.688229
8868.924805 0.000000 6400.138672 0.000000 0.440938 0.000000 -0.897537 0.760359 0.760359 0.760359
8895.022461 0.000000 6417.853027 0.000000 0.896429 0.000000 -0.443188 0.879739 0.879739 0.879739
8885.701172 0.000000 6383.541504 0.000000 0.932049 0.000000 -0.362333 0.715551 0.715551 0.715551
8863.850586 0.000000 6420.099609 0.000000 0.086809 0.000000 -0.996225 0.845219 0.845219 0.845219
8870.229492 0.000000 6421.947754 0.000000 0.206172 0.000000 -0.978516 0.861989 0.861989 0.861989
8888.714844 0.000000 6415.102051 0.000000 0.628242 0.000000 0.778018 0.633007 0.633007 0.633007
8866.291016 0.000000 6432.500000 0.000000 0.855857 0.000000 -0.517212 0.753198 0.753198 0.753198
8898.829102 0.000000 6397.823730 0.000000 0.896157 0.000000 0.443736 0.628491 0.628491 0.628491
8852.480469 0.000000 6439.312012 0.000000 0.232588 0.000000 -0.972575 0.781721 0.781721 0.781721
8869.695312 0.000000 6415.903320 0.000000 0.993907 0.000000 -0.110225 0.721039 0.721039 0.721039
8855.705078 0.000000 6400.323730 0.000000 0.468765 0.000000 -0.883323 0.766236 0.766236 0.766236
8885.936523 0.000000 6431.895508 0.000000 0.644578 0.000000 -0.764539 0.779090 0.779090 0.779090
8893.809570 0.000000 6395.083984 0.000000 0.593810 0.000000 -0.804605 0.806211 0.806211 0.806211
8895.633789 0.000000 6411.872070 0.000000 0.450679 0.000000 -0.892686 0.796403 0.796403 0.796403
8867.701172 0.000000 6419.818848 0.000000 0.989539 0.000000 0.144263 0.642317 0.642317 0.642317
8861.938477 0.000000 6397.388672 0.000000 0.160248 0.000000 -0.987077 0.759132 0.759132 0.759132
8875.383789 0.000000 6419.590820 0.000000 0.066545 0.000000 -0.997783 0.813035 0.813035 0.813035
8881.145508 0.000000 6447.806152 0.000000 0.483322 0.000000 0.875443 0.642230 0.642230 0.642230
8877.571289 0.000000 6431.214355 0.000000 0.767944 0.000000 -0.640517 0.734016 0.734016 0.734016
8863.220703 0.000000 6431.969238 0.000000 0.689280 0.000000 -0.724495 0.743898 0.743898 0.743898
8868.958984 0.000000 6424.858398 0.000000 0.466095 0.000000 -0.884735 0.774012 0.774012 0.774012
8869.152344 0.000000 6435.194824 0.000000 0.101994 0.000000 0.994785 0.535741 0.535741 0.535741
8868.797852 0.000000 6459.541504 0.000000 0.511779 0.000000 -0.859117 0.748767 0.748767 0.748767
8903.748047 0.000000 6457.150879 0.000000 0.643232 0.000000 -0.765671 0.739625 0.739625 0.739625
8873.153320 0.000000 6421.736816 0.000000 0.844107 0.000000 0.536175 0.602093 0.602093 0.602093
8881.083008 0.000000 6409.336914 0.000000 0.425203 0.000000 -0.905098 0.846341 0.846341 0.846341
8895.494141 0.000000 6423.599121 0.000000 0.989466 0.000000 0.144767 0.686036 0.686036 0.686036
8858.875977 0.000000 6432.555664 0.000000 0.379016 0.000000 -0.925390 0.863195 0.863195 0.863195
8891.232422 0.000000 6412.187500 0.000000 0.899356 0.000000 -0.437217 0.770380 0.770380 0.770380
8866.560547 0.000000 6401.570312 0.000000 0.956544 0.000000 -0.291587 0.714478 0.714478 0.714478
8857.120117 0.000000 6429.843262 0.000000 0.884886 0.000000 0.465808 0.678830 0.678830 0.678830
8853.320312 0.000000 6433.707031 0.000000 0.695971 0.000000 0.718070 0.660804 0.660804 0.660804
8862.463867 0.000000 6388.473145 0.000000 0.979131 0.000000 -0.203230 0.714306 0.714306 0.714306
8898.239258 0.000000 6410.665039 0.000000 0.947159 0.000000 0.320764 0.666902 0.666902 0.666902
8885.977539 0.000000 6460.082031 0.000000 0.999973 0.000000 0.007370 0.697579 0.697579 0.697579
8905.396484 0.000000 6399.083496 0.000000 0.153222 0.000000 -0.988192 1.034297 1.034297 1.034297
8859.323242 0.000000 6427.335449 0.000000 0.939522 0.000000 0.342490 0.673732 0.673732 0.673732
8866.873047 0.000000 6430.002441 0.000000 0.745737 0.000000 -0.666240 0.731856 0.731856 0.731856
8875.888672 0.000000 6407.738770 0.000000 0.077807 0.000000 0.996968 0.459973 0.459973 0.459973
8878.398438 0.000000 6416.414551 0.000000 0.322441 0.000000 0.946590 0.330870 0.330870 0.330870
8900.724609 0.000000 6396.202148 0.000000 0.837196 0.000000 -0.546903 0.866857 0.866857 0.866857
8869.782227 0.000000 6418.418945 0.000000 0.928250 0.000000 -0.371958 0.748621 0.748621 0.748621
8881.314453 0.000000 6404.277344 0.000000 0.938644 0.000000 0.344889 0.662463 0.662463 0.662463
8869.603516 0.000000 6402.449219 0.000000 0.998706 0.000000 -0.050861 0.705246 0.705246 0.705246
8850.450195 0.000000 6437.880371 0.000000 0.956215 0.000000 -0.292665 0.725953 0.725953 0.725953
8892.402344 0.000000 6419.400879 0.000000 0.518061 0.000000 -0.855344 0.768149 0.768149 0.768149
8894.534180 0.000000 6445.962891 0.000000 0.998160 0.000000 0.060628 0.692367 0.692367 0.692367
8856.898438 0.000000 6434.612305 0.000000 0.988678 0.000000 0.150050 0.689471 0.689471 0.689471
8872.640625 0.000000 6427.791016 0.000000 0.950513 0.000000 -0.310686 0.723740 0.723740 0.723740
8869.292969 0.000000 6413.817871 0.000000 0.048278 0.000000 -0.998834 0.814410 0.814410 0.814410
8854.018555 0.000000 6431.430664 0.000000 0.298757 0.000000 -0.954329 0.841753 0.841753 0.841753
8887.793945 0.000000 6413.198242 0.000000 0.954811 0.000000 -0.297213 0.723204 0.723204 0.723204
8893.596680 0.000000 6412.151367 0.000000 0.964723 0.000000 0.263269 0.627836 0.627836 0.627836
8870.523438 0.000000 6426.983887 0.000000 0.063462 0.000000 -0.997984 0.973948 0.973948 0.973948
8865.582031 0.000000 6418.995117 0.000000 0.744840 0.000000 0.667243 0.578722 0.578722 0.578722
8861.722656 0.000000 6419.854004 0.000000 0.440788 0.000000 0.897611 0.592895 0.592895 0.592895
8894.250977 0.000000 6397.110840 0.000000 0.964850 0.000000 -0.262801 0.727419 0.727419 0.727419
8894.288086 0.000000 6416.047852 0.000000 0.998166 0.000000 0.060530 0.676290 0.676290 0.676290
8871.632812 0.000000 6420.542969 0.000000 0.999088 0.000000 -0.042692 0.705075 0.705075 0.705075
8898.055664 0.000000 6396.039062 0.000000 0.833888 0.000000 0.551933 0.609062 0.609062 0.609062
8868.396484 0.000000 6433.000488 0.000000 0.960110 0.000000 0.279624 0.676227 0.676227 0.676227
8858.524414 0.000000 6438.317871 0.000000 0.982163 0.000000 -0.188031 0.717520 0.717520 0.717520
8884.090820 0.000000 6431.126465 0.000000 0.837372 0.000000 0.546634 0.647444 0.647444 0.647444
8886.721680 0.000000 6410.552246 0.000000 0.947414 0.000000 0.320011 0.666414 0.666414 0.666414
8896.674805 0.000000 6413.414551 0.000000 0.826148 0.000000 0.563453 0.635146 0.635146 0.635146
8902.384766 0.000000 6395.398926 0.000000 0.653504 0.000000 -0.756923 0.773523 0.773523 0.773523
8902.557617 0.000000 6467.604492 0.000000 0.269906 0.000000 -0.962887 0.874597 0.874597 0.874597
8851.597656 0.000000 6433.977539 0.000000 0.333780 0.000000 -0.942651 0.945143 0.945143 0.945143
8852.762695 0.000000 6430.032715 0.000000 0.209476 0.000000 0.977814 0.521778 0.521778 0.521778
8884.438477 0.000000 6460.909180 0.000000 0.211026 0.000000 -0.977480 1.146222 1.146222 1.146222
8855.599609 0.000000 6430.738281 0.000000 0.506775 0.000000 -0.862078 0.816247 0.816247 0.816247
8887.593750 0.000000 6452.663574 0.000000 0.261513 0.000000 0.965200 0.556190 0.556190 0.556190
8904.855469 0.000000 6458.525391 0.000000 0.998096 0.000000 0.061672 0.687382 0.687382 0.687382
8871.215820 0.000000 6415.166016 0.000000 0.317612 0.000000 -0.948221 0.955091 0.955091 0.955091
8891.701172 0.000000 6413.694824 0.000000 0.248388 0.000000 0.968661 0.494728 0.494728 0.494728
8858.639648 0.000000 6430.874023 0.000000 0.995815 0.000000 -0.091390 0.710396 0.710396 0.710396
8874.578125 0.000000 6408.672852 0.000000 0.870086 0.000000 0.492900 0.600018 0.600018 0.600018
8881.291992 0.000000 6410.919922 0.000000 0.631375 0.000000 -0.775478 0.893866 0.893866 0.893866
8867.001953 0.000000 6418.443848 0.000000 0.823539 0.000000 0.567259 0.459666 0.459666 0.459666
8887.165039 0.000000 6455.826172 0.000000 0.769166 0.000000 -0.639050 0.873249 0.873249 0.873249
8891.003906 0.000000 6417.533203 0.000000 0.987081 0.000000 0.160221 0.659224 0.659224 0.659224
8874.469727 0.000000 6407.077148 0.000000 0.959115 0.000000 -0.283017 0.746133 0.746133 0.746133
8904.310547 0.000000 6398.174316 0.000000 0.079836 0.000000 -0.996808 1.051733 1.051733 1.051733
8890.971680 0.000000 6419.949707 0.000000 0.730536 0.000000 -0.682874 0.849755 0.849755 0.849755
8901.666016 0.000000 6397.203125 0.000000 0.979205 0.000000 0.202875 0.641092 0.641092 0.641092
8894.089844 0.000000 6442.761230 0.000000 0.242840 0.000000 0.970066 0.352536 0.352536 0.352536
8878.239258 0.000000 6417.956543 0.000000 0.935149 0.000000 -0.354254 0.807581 0.807581 0.807581
8899.976562 0.000000 6413.244629 0.000000 0.298127 0.000000 -0.954526 0.914957 0.914957 0.914957
8879.653320 0.000000 6416.010254 0.000000 0.995317 0.000000 0.096664 0.671237 0.671237 0.671237
8900.051758 0.000000 6397.322266 0.000000 0.502937 0.000000 -0.864323 1.000982 1.000982 1.000982
8875.250000 0.000000 6409.834961 0.000000 0.421788 0.000000 -0.906694 0.920243 0.920243 0.920243
8851.204102 0.000000 6432.693359 0.000000 0.606953 0.000000 -0.794738 0.883003 0.883003 0.883003
8866.392578 0.000000 6419.941895 0.000000 0.955324 0.000000 0.295561 0.580448 0.580448 0.580448
8892.826172 0.000000 6413.122070 0.000000 0.318892 0.000000 0.947791 0.362425 0.362425 0.362425
8891.207031 0.000000 6416.349121 0.000000 0.355198 0.000000 0.934791 0.393977 0.393977 0.393977
8880.278320 0.000000 6410.230957 0.000000 0.408642 0.000000 0.912695 0.448822 0.448822 0.448822
8879.250000 0.000000 6417.328125 0.000000 0.842567 0.000000 -0.538592 0.868974 0.868974 0.868974
8892.396484 0.000000 6412.057617 0.000000 0.894243 0.000000 0.447583 0.574297 0.574297 0.574297
8895.544922 0.000000 6442.785645 0.000000 0.987990 0.000000 -0.154515 0.740667 0.740667 0.740667
8894.759766 0.000000 6443.647949 0.000000 0.217438 0.000000 -0.976074 1.054307 1.054307 1.054307
8895.112305 0.000000 6416.797852 0.000000 0.592102 0.000000 -0.805863 1.066849 1.066849 1.066849
8866.063477 0.000000 6418.073242 0.000000 0.902953 0.000000 -0.429739 0.876993 0.876993 0.876993
8885.383789 0.000000 6461.237305 0.000000 0.553632 0.000000 -0.832761 1.023314 1.023314 1.023314
8885.005859 0.000000 6460.095703 0.000000 0.491324 0.000000 -0.870977 1.047334 1.047334 1.047334
8894.214844 0.000000 6417.159180 0.000000 0.999328 0.000000 -0.036665 0.714356 0.714356 0.714356
8907.706055 0.000000 6397.703613 0.000000 0.919233 0.000000 -0.393713 0.711315 0.711315 0.711315
8905.528320 0.000000 6393.002441 0.000000 0.874513 0.000000 0.485003 0.665488 0.665488 0.665488
8905.769531 0.000000 6396.160645 0.000000 0.981555 0.000000 -0.191178 0.709749 0.709749 0.709749
8906.209961 0.000000 6399.227539 0.000000 0.973370 0.000000 0.229242 0.667259 0.667259 0.667259
8905.544922 0.000000 6458.116699 0.000000 0.448018 0.000000 0.894025 0.473808 0.473808 0.473808
8901.751953 0.000000 6498.722656 0.000000 0.698536 0.000000 0.715575 0.344631 0.344631 0.344631
8872.459961 0.000000 6471.250488 0.000000 0.994457 0.000000 -0.105147 0.702761 0.702761 0.702761
8902.070312 0.000000 6469.392090 0.000000 0.858655 0.000000 -0.512554 0.874928 0.874928 0.874928
8870.268555 0.000000 6486.079590 0.000000 0.203163 0.000000 -0.979145 0.711938 0.711938 0.711938
8860.280273 0.000000 6515.260254 0.000000 0.742029 0.000000 -0.670367 0.729531 0.729531 0.729531
8890.829102 0.000000 6486.115723 0.000000 0.997267 0.000000 -0.073882 0.702843 0.702843 0.702843
8892.458008 0.000000 6491.911621 0.000000 0.867075 0.000000 0.498178 0.666280 0.666280 0.666280
8893.162109 0.000000 6508.143555 0.000000 0.998706 0.000000 0.050862 0.690841 0.690841 0.690841
8887.940430 0.000000 6499.994141 0.000000 0.686298 0.000000 -0.727321 0.880753 0.880753 0.880753
8905.427734 0.000000 6499.967285 0.000000 0.779698 0.000000 0.626156 0.673986 0.673986 0.673986
8872.762695 0.000000 6488.636230 0.000000 0.658411 0.000000 0.752659 0.662772 0.662772 0.662772
8905.060547 0.000000 6521.615234 0.000000 0.284557 0.000000 0.958659 0.489361 0.489361 0.489361
8898.310547 0.000000 6498.594727 0.000000 0.722082 0.000000 0.691808 0.545124 0.545124 0.545124
8895.953125 0.000000 6477.700195 0.000000 0.421637 0.000000 -0.906765 0.993700 0.993700 0.993700
8874.687500 0.000000 6476.622559 0.000000 0.889649 0.000000 -0.456646 0.731492 0.731492 0.731492
8885.055664 0.000000 6498.247070 0.000000 0.913293 0.000000 -0.407303 0.752051 0.752051 0.752051
8881.083008 0.000000 6503.079102 0.000000 0.939843 0.000000 -0.341608 0.749959 0.749959 0.749959
8891.089844 0.000000 6488.774414 0.000000 0.993843 0.000000 -0.110797 0.713194 0.713194 0.713194
8903.004883 0.000000 6501.051270 0.000000 0.685235 0.000000 0.728322 0.652949 0.652949 0.652949
8897.570312 0.000000 6511.094727 0.000000 0.130357 0.000000 -0.991467 0.838415 0.838415 0.838415
8885.585938 0.000000 6474.908691 0.000000 0.995915 0.000000 -0.090298 0.708375 0.708375 0.708375
8891.048828 0.000000 6508.897949 0.000000 0.995343 0.000000 -0.096398 0.723284 0.723284 0.723284
8883.318359 0.000000 6502.428711 0.000000 0.539236 0.000000 0.842155 0.418282 0.418282 0.418282
8899.088867 0.000000 6512.695801 0.000000 0.912178 0.000000 0.409794 0.663844 0.663844 0.663844
8900.056641 0.000000 6500.136719 0.000000 0.999683 0.000000 -0.025183 0.703257 0.703257 0.703257
8894.584961 0.000000 6479.419434 0.000000 0.598474 0.000000 0.801142 0.563596 0.563596 0.563596
8887.037109 0.000000 6498.283691 0.000000 0.572905 0.000000 0.819622 0.486768 0.486768 0.486768
8894.236328 0.000000 6476.900391 0.000000 0.425627 0.000000 -0.904899 0.992561 0.992561 0.992561
8903.675781 0.000000 6499.436035 0.000000 0.022146 0.000000 -0.999755 1.046418 1.046418 1.046418
8900.082031 0.000000 6498.062500 0.000000 0.175441 0.000000 0.984490 0.078589 0.078589 0.078589
8893.941406 0.000000 6492.730957 0.000000 0.435732 0.000000 0.900077 0.363362 0.363362 0.363362
8903.699219 0.000000 6469.894043 0.000000 0.901168 0.000000 0.433469 0.554267 0.554267 0.554267
8886.128906 0.000000 6499.698730 0.000000 0.848693 0.000000 -0.528885 0.823686 0.823686 0.823686
8882.657227 0.000000 6503.909180 0.000000 0.739545 0.000000 -0.673107 0.907757 0.907757 0.907757
8901.642578 0.000000 6500.352051 0.000000 0.004285 0.000000 0.999991 0.497417 0.497417 0.497417
8888.220703 0.000000 6488.571777 0.000000 0.282984 0.000000 -0.959125 0.978220 0.978220 0.978220
8904.845703 0.000000 6487.073730 0.000000 0.798666 0.000000 0.601774 0.493494 0.493494 0.493494
8889.611328 0.000000 6489.028320 0.000000 0.773762 0.000000 -0.633477 0.848665 0.848665 0.848665
8892.351562 0.000000 6509.354492 0.000000 0.977940 0.000000 0.208888 0.662121 0.662121 0.662121
8900.874023 0.000000 6496.597168 0.000000 0.525226 0.000000 0.850963 0.506120 0.506120 0.506120
8898.710938 0.000000 6510.459473 0.000000 0.873160 0.000000 0.487434 0.583439 0.583439 0.583439
8902.793945 0.000000 6468.297852 0.000000 0.630443 0.000000 0.776236 0.411136 0.411136 0.411136
8882.033203 0.000000 6502.264648 0.000000 0.954357 0.000000 0.298667 0.614664 0.614664 0.614664
8900.625977 0.000000 6499.081055 0.000000 0.825463 0.000000 0.564457 0.432720 0.432720 0.432720
8902.552734 0.000000 6499.658203 0.000000 0.297081 0.000000 0.954852 0.416100 0.416100 0.416100
8898.626953 0.000000 6511.652832 0.000000 0.756673 0.000000 -0.653794 0.863135 0.863135 0.863135
8892.422852 0.000000 6493.023926 0.000000 0.679165 0.000000 0.733986 0.452267 0.452267 0.452267
8904.110352 0.000000 6486.346680 0.000000 0.336037 0.000000 0.941849 0.307247 0.307247 0.307247
8903.511719 0.000000 6468.954590 0.000000 0.575796 0.000000 -0.817594 1.011145 1.011145 1.011145
8901.376953 0.000000 6499.510254 0.000000 0.959346 0.000000 -0.282231 0.827504 0.827504 0.827504
8900.880859 0.000000 6498.290039 0.000000 0.444099 0.000000 -0.895978 1.194933 1.194933 1.194933
8918.047852 0.000000 6541.272461 0.000000 0.933186 0.000000 -0.359394 0.770669 0.770669 0.770669
8906.551758 0.000000 6518.268555 0.000000 0.894470 0.000000 0.447129 0.529880 0.529880 0.529880
8934.256836 0.000000 6524.207031 0.000000 0.992721 0.000000 -0.120440 0.735658 0.735658 0.735658
8908.895508 0.000000 6482.077637 0.000000 0.372852 0.000000 -0.927891 0.951363 0.951363 0.951363
8928.334961 0.000000 6516.485840 0.000000 0.565138 0.000000 -0.824997 1.017058 1.017058 1.017058
8942.726562 0.000000 6522.026367 0.000000 0.974966 0.000000 -0.222356 0.730565 0.730565 0.730565
8913.359375 0.000000 6503.854004 0.000000 0.087553 0.000000 0.996160 0.339726 0.339726 0.339726
8946.156250 0.000000 6515.144531 0.000000 0.169651 0.000000 0.985504 0.663292 0.663292 0.663292
8923.394531 0.000000 6534.271484 0.000000 0.691762 0.000000 0.722126 0.680259 0.680259 0.680259
8934.705078 0.000000 6518.203613 0.000000 0.196568 0.000000 0.980490 0.644815 0.644815 0.644815
8913.454102 0.000000 6496.647949 0.000000 0.595151 0.000000 0.803614 0.662485 0.662485 0.662485
8917.499023 0.000000 6521.137695 0.000000 0.762294 0.000000 -0.647231 0.821790 0.821790 0.821790
8905.528320 0.000000 6486.744629 0.000000 0.054229 0.000000 -0.998528 1.185001 1.185001 1.185001
8913.196289 0.000000 6529.254395 0.000000 0.888025 0.000000 -0.459795 0.755106 0.755106 0.755106
8924.991211 0.000000 6505.014648 0.000000 0.510395 0.000000 0.859940 0.441311 0.441311 0.441311
8942.271484 0.000000 6517.528809 0.000000 0.977853 0.000000 0.209292 0.685629 0.685629 0.685629
8939.419922 0.000000 6510.025879 0.000000 0.454061 0.000000 0.890970 0.665414 0.665414 0.665414
8920.588867 0.000000 6508.446289 0.000000 0.787939 0.000000 -0.615754 0.790421 0.790421 0.790421
8930.680664 0.000000 6525.658691 0.000000 0.356448 0.000000 0.934315 0.537671 0.537671 0.537671
8917.468750 0.000000 6515.103027 0.000000 0.744200 0.000000 -0.667957 0.788202 0.788202 0.788202
8925.747070 0.000000 6524.539551 0.000000 0.617379 0.000000 0.786666 0.502219 0.502219 0.502219
8906.662109 0.000000 6495.068848 0.000000 0.251781 0.000000 -0.967784 0.999039 0.999039 0.999039
8912.834961 0.000000 6500.271484 0.000000 0.812759 0.000000 0.582600 0.592400 0.592400 0.592400
8931.295898 0.000000 6519.166504 0.000000 0.968870 0.000000 -0.247570 0.720985 0.720985 0.720985
8935.937500 0.000000 6509.928223 0.000000 0.111291 0.000000 -0.993788 1.006024 1.006024 1.006024
8906.907227 0.000000 6521.760254 0.000000 0.501481 0.000000 0.865168 0.449691 0.449691 0.449691
8909.958984 0.000000 6495.645508 0.000000 0.916778 0.000000 -0.399396 0.763903 0.763903 0.763903
8915.489258 0.000000 6498.916504 0.000000 0.501006 0.000000 -0.865444 0.840759 0.840759 0.840759
8916.250000 0.000000 6523.765625 0.000000 0.970655 0.000000 -0.240476 0.740744 0.740744 0.740744
8911.048828 0.000000 6490.155762 0.000000 0.992057 0.000000 0.125789 0.657681 0.657681 0.657681
8923.014648 0.000000 6507.065918 0.000000 0.074385 0.000000 0.997230 0.592786 0.592786 0.592786
8911.410156 0.000000 6518.308594 0.000000 0.116135 0.000000 0.993233 0.639000 0.639000 0.639000
8945.462891 0.000000 6522.275391 0.000000 0.307433 0.000000 -0.951570 0.985869 0.985869 0.985869
8930.744141 0.000000 6513.034668 0.000000 0.384137 0.000000 -0.923276 0.835701 0.835701 0.835701
8931.696289 0.000000 6523.053711 0.000000 0.725283 0.000000 -0.688451 0.937538 0.937538 0.937538
8943.556641 0.000000 6515.209961 0.000000 0.673095 0.000000 -0.739556 0.746551 0.746551 0.746551
8928.342773 0.000000 6524.528809 0.000000 0.786642 0.000000 -0.617409 0.769775 0.769775 0.769775
8947.615234 0.000000 6517.262207 0.000000 0.671633 0.000000 0.740884 0.616885 0.616885 0.616885
8929.188477 0.000000 6504.615234 0.000000 0.511060 0.000000 -0.859545 0.756038 0.756038 0.756038
8925.893555 0.000000 6534.702637 0.000000 0.502411 0.000000 -0.864629 0.875219 0.875219 0.875219
8919.500000 0.000000 6502.099121 0.000000 0.996142 0.000000 0.087756 0.686948 0.686948 0.686948
8917.980469 0.000000 6508.563477 0.000000 0.976785 0.000000 -0.214224 0.751313 0.751313 0.751313
8944.858398 0.000000 6517.319336 0.000000 0.522654 0.000000 -0.852545 0.878399 0.878399 0.878399
8940.555664 0.000000 6512.263672 0.000000 0.819237 0.000000 -0.573456 0.830208 0.830208 0.830208
8911.989258 0.000000 6526.007812 0.000000 0.280949 0.000000 -0.959723 0.812371 0.812371 0.812371
8910.832031 0.000000 6504.269043 0.000000 0.949958 0.000000 -0.312378 0.773286 0.773286 0.773286
8935.916016 0.000000 6522.566895 0.000000 0.995867 0.000000 0.090821 0.695073 0.695073 0.695073
8926.264648 0.000000 6517.658203 0.000000 0.383253 0.000000 -0.923643 0.872851 0.872851 0.872851
8936.845703 0.000000 6519.326660 0.000000 0.730695 0.000000 0.682704 0.533219 0.533219 0.533219
8936.633789 0.000000 6516.791992 0.000000 0.288076 0.000000 0.957608 0.496667 0.496667 0.496667
8922.610352 0.000000 6504.767578 0.000000 0.665614 0.000000 -0.746296 0.797172 0.797172 0.797172
8919.275391 0.000000 6506.604492 0.000000 0.984935 0.000000 -0.172923 0.713668 0.713668 0.713668
8907.372070 0.000000 6516.136719 0.000000 0.325151 0.000000 -0.945662 0.795319 0.795319 0.795319
8917.625977 0.000000 6534.212891 0.000000 0.790999 0.000000 0.611817 0.492904 0.492904 0.492904
8918.216797 0.000000 6503.894043 0.000000 0.344743 0.000000 0.938697 0.518949 0.518949 0.518949
8919.919922 0.000000 6515.107910 0.000000 1.000000 0.000000 0.000344 0.699939 0.699939 0.699939
8929.972656 0.000000 6515.067383 0.000000 0.998720 0.000000 -0.050586 0.707341 0.707341 0.707341
8930.408203 0.000000 6517.199707 0.000000 0.088862 0.000000 -0.996044 0.798405 0.798405 0.798405
8918.025391 0.000000 6543.496094 0.000000 0.856130 0.000000 0.516761 0.568082 0.568082 0.568082
8930.938477 0.000000 6505.954590 0.000000 0.595255 0.000000 0.803537 0.341209 0.341209 0.341209
8921.653320 0.000000 6502.907227 0.000000 0.920055 0.000000 0.391789 0.595877 0.595877 0.595877
8905.600586 0.000000 6520.042969 0.000000 0.988948 0.000000 0.148260 0.675555 0.675555 0.675555
8937.656250 0.000000 6508.959961 0.000000 0.350516 0.000000 0.936557 0.454167 0.454167 0.454167
8935.250977 0.000000 6512.749023 0.000000 0.179362 0.000000 0.983783 0.593083 0.593083 0.593083
8924.882812 0.000000 6533.007324 0.000000 0.942639 0.000000 0.333815 0.624462 0.624462 0.624462
8919.645508 0.000000 6542.382812 0.000000 0.371741 0.000000 0.928336 0.410953 0.410953 0.410953
8921.248047 0.000000 6491.985352 0.000000 0.922356 0.000000 0.386341 0.611964 0.611964 0.611964
8912.854492 0.000000 6498.431152 0.000000 0.462620 0.000000 0.886556 0.427642 0.427642 0.427642
8941.612305 0.000000 6513.838379 0.000000 0.977087 0.000000 0.212841 0.654271 0.654271 0.654271
8911.719727 0.000000 6488.257812 0.000000 0.999476 0.000000 -0.032357 0.704242 0.704242 0.704242
8935.591797 0.000000 6525.513672 0.000000 0.835036 0.000000 -0.550195 0.872065 0.872065 0.872065
8924.821289 0.000000 6522.880371 0.000000 0.944953 0.000000 0.327207 0.642910 0.642910 0.642910
8913.171875 0.000000 6527.437988 0.000000 0.752327 0.000000 0.658789 0.563000 0.563000 0.563000
8930.063477 0.000000 6523.801758 0.000000 0.988170 0.000000 0.153364 0.651835 0.651835 0.651835
8928.956055 0.000000 6513.579590 0.000000 0.516604 0.000000 -0.856225 0.894008 0.894008 0.894008
8929.575195 0.000000 6519.890137 0.000000 0.798759 0.000000 0.601651 0.593951 0.593951 0.593951
8918.664062 0.000000 6516.405762 0.000000 0.059825 0.000000 0.998209 0.549492 0.549492 0.549492
8924.830078 0.000000 6506.927246 0.000000 0.377616 0.000000 -0.925962 0.846856 0.846856 0.846856
8916.587891 0.000000 6509.705566 0.000000 0.405185 0.000000 -0.914235 0.974181 0.974181 0.974181
8913.075195 0.000000 6518.734863 0.000000 0.995417 0.000000 0.095628 0.675731 0.675731 0.675731
8937.490234 0.000000 6510.664062 0.000000 0.983462 0.000000 0.181114 0.679949 0.679949 0.679949
8935.965820 0.000000 6508.211914 0.000000 0.597545 0.000000 -0.801835 0.895106 0.895106 0.895106
8917.695312 0.000000 6522.904297 0.000000 0.708808 0.000000 0.705402 0.568639 0.568639 0.568639
8909.375000 0.000000 6483.802734 0.000000 0.999720 0.000000 -0.023682 0.705008 0.705008 0.705008
8907.239258 0.000000 6486.733887 0.000000 0.580771 0.000000 -0.814067 0.803054 0.803054 0.803054
8929.022461 0.000000 6518.028320 0.000000 0.894727 0.000000 0.446614 0.623945 0.623945 0.623945
8908.123047 0.000000 6480.668457 0.000000 0.855820 0.000000 -0.517273 0.778858 0.778858 0.778858
8909.737305 0.000000 6480.295898 0.000000 0.410472 0.000000 0.911873 0.533509 0.533509 0.533509
8921.448242 0.000000 6490.205078 0.000000 0.407480 0.000000 -0.913214 0.955479 0.955479 0.955479
8923.263672 0.000000 6496.784180 0.000000 0.994715 0.000000 0.102670 0.662794 0.662794 0.662794
8944.764648 0.000000 6514.274902 0.000000 0.833342 0.000000 -0.552757 0.784951 0.784951 0.784951
8934.887695 0.000000 6511.277344 0.000000 0.975210 0.000000 -0.221282 0.749132 0.749132 0.749132
8927.051758 0.000000 6525.370117 0.000000 0.618407 0.000000 -0.785858 0.888015 0.888015 0.888015
8911.584961 0.000000 6491.549316 0.000000 0.860147 0.000000 0.510047 0.520408 0.520408 0.520408
8922.657227 0.000000 6538.987305 0.000000 1.000000 0.000000 -0.000096 0.700036 0.700036 0.700036
8916.641602 0.000000 6535.283203 0.000000 0.179649 0.000000 0.983731 0.262702 0.262702 0.262702
8908.528320 0.000000 6494.873047 0.000000 0.965273 0.000000 -0.261242 0.741109 0.741109 0.741109
8913.316406 0.000000 6505.302734 0.000000 0.999371 0.000000 -0.035452 0.707002 0.707002 0.707002
8944.877930 0.000000 6515.851074 0.000000 0.040337 0.000000 0.999186 0.478009 0.478009 0.478009
8934.201172 0.000000 6525.693848 0.000000 0.872535 0.000000 0.488552 0.549249 0.549249 0.549249
8934.666992 0.000000 6508.879883 0.000000 0.999606 0.000000 0.028060 0.694115 0.694115 0.694115
8913.147461 0.000000 6501.799316 0.000000 0.127839 0.000000 0.991795 0.450414 0.450414 0.450414
8924.908203 0.000000 6525.659180 0.000000 0.982993 0.000000 -0.183644 0.740346 0.740346 0.740346
8938.395508 0.000000 6513.041992 0.000000 0.024179 0.000000 -0.999708 0.940553 0.940553 0.940553
8944.841797 0.000000 6523.513672 0.000000 0.847472 0.000000 0.530840 0.572869 0.572869 0.572869
8936.101562 0.000000 6518.149414 0.000000 0.477969 0.000000 0.878377 0.461976 0.461976 0.461976
8916.201172 0.000000 6520.610840 0.000000 0.563166 0.000000 -0.826344 0.868267 0.868267 0.868267
8920.572266 0.000000 6493.230469 0.000000 0.502247 0.000000 0.864724 0.519273 0.519273 0.519273
8924.570312 0.000000 6535.075195 0.000000 0.971539 0.000000 0.236878 0.659878 0.659878 0.659878
8930.348633 0.000000 6522.404297 0.000000 0.883927 0.000000 0.467626 0.547782 0.547782 0.547782
8916.553711 0.000000 6522.186523 0.000000 0.450270 0.000000 0.892892 0.514830 0.514830 0.514830
8919.345703 0.000000 6508.997070 0.000000 0.999850 0.000000 -0.017343 0.706396 0.706396 0.706396
8912.105469 0.000000 6504.717285 0.000000 0.898556 0.000000 0.438860 0.610280 0.610280 0.610280
8937.434570 0.000000 6518.095215 0.000000 0.780534 0.000000 -0.625113 0.849873 0.849873 0.849873
8906.792969 0.000000 6519.541016 0.000000 0.865203 0.000000 0.501422 0.507240 0.507240 0.507240
8911.063477 0.000000 6505.580566 0.000000 0.573053 0.000000 0.819518 0.478415 0.478415 0.478415
8918.763672 0.000000 6514.519043 0.000000 0.943862 0.000000 -0.330341 0.759423 0.759423 0.759423
8948.914062 0.000000 6517.277832 0.000000 0.994477 0.000000 0.104959 0.673171 0.673171 0.673171
8912.147461 0.000000 6503.380859 0.000000 0.392630 0.000000 -0.919697 0.983555 0.983555 0.983555
8931.727539 0.000000 6504.899902 0.000000 0.917523 0.000000 0.397682 0.542756 0.542756 0.542756
8907.935547 0.000000 6518.626465 0.000000 0.427264 0.000000 0.904127 0.285544 0.285544 0.285544
8919.299805 0.000000 6543.991211 0.000000 0.510244 0.000000 -0.860030 0.951496 0.951496 0.951496
8924.620117 0.000000 6524.161621 0.000000 0.979134 0.000000 0.203215 0.655297 0.655297 0.655297
8929.520508 0.000000 6516.344238 0.000000 0.997397 0.000000 -0.072108 0.723585 0.723585 0.723585
8906.621094 0.000000 6520.655273 0.000000 0.916001 0.000000 -0.401175 0.798832 0.798832 0.798832
8918.505859 0.000000 6542.503418 0.000000 0.648169 0.000000 0.761497 0.489729 0.489729 0.489729
8913.879883 0.000000 6519.455566 0.000000 0.753975 0.000000 -0.656904 0.881613 0.881613 0.881613
8921.390625 0.000000 6503.978516 0.000000 0.062602 0.000000 0.998039 0.309928 0.309928 0.309928
8923.503906 0.000000 6539.627441 0.000000 0.417483 0.000000 0.908685 0.267636 0.267636 0.267636
8931.352539 0.000000 6522.074707 0.000000 0.814162 0.000000 -0.580638 0.893794 0.893794 0.893794
8930.521484 0.000000 6505.029297 0.000000 0.961515 0.000000 -0.274751 0.807010 0.807010 0.807010
8935.197266 0.000000 6524.573242 0.000000 0.530482 0.000000 0.847696 0.401224 0.401224 0.401224
8922.290039 0.000000 6496.551270 0.000000 0.585623 0.000000 0.810584 0.358093 0.358093 0.358093
8910.728516 0.000000 6491.182617 0.000000 0.161970 0.000000 -0.986796 1.172472 1.172472 1.172472
8923.187500 0.000000 6538.242188 0.000000 0.086707 0.000000 -0.996234 1.262763 1.262763 1.262763
9159.288086 0.000000 6540.695312 0.000000 0.993471 0.000000 -0.114084 0.710989 0.710989 0.710989
9160.653320 0.000000 6538.579102 0.000000 0.223328 0.000000 -0.974743 0.794060 0.794060 0.794060
9160.884766 0.000000 6540.954590 0.000000 0.957513 0.000000 0.288390 0.661145 0.661145 0.661145
9237.472656 0.000000 6532.409180 0.000000 0.749573 0.000000 0.661921 0.686094 0.686094 0.686094
9241.259766 0.000000 6526.242188 0.000000 0.737176 0.000000 0.675701 0.676662 0.676662 0.676662
9236.399414 0.000000 6534.491211 0.000000 0.997078 0.000000 -0.076386 0.707884 0.707884 0.707884
9243.365234 0.000000 6526.742676 0.000000 0.307340 0.000000 -0.951600 0.836348 0.836348 0.836348
9234.584961 0.000000 6535.612793 0.000000 0.151255 0.000000 0.988495 0.471863 0.471863 0.471863
9185.270508 0.000000 6654.143555 0.000000 0.555776 0.000000 0.831332 0.658834 0.658834 0.658834
9127.517578 0.000000 6655.694336 0.000000 0.998374 0.000000 -0.057011 0.702592 0.702592 0.702592
9057.736328 0.000000 6693.180664 0.000000 0.989562 0.000000 -0.144105 0.704043 0.704043 0.704043
9067.099609 0.000000 6680.677246 0.000000 0.993164 0.000000 -0.116730 0.710223 0.710223 0.710223
9065.120117 0.000000 6693.319824 0.000000 0.688558 0.000000 -0.725181 0.709925 0.709925 0.709925
9055.458008 0.000000 6685.410156 0.000000 0.763790 0.000000 0.645465 0.637466 0.637466 0.637466
9079.942383 0.000000 6679.395996 0.000000 0.437094 0.000000 -0.899416 0.770364 0.770364 0.770364
9091.107422 0.000000 6691.539062 0.000000 0.975742 0.000000 -0.218923 0.711186 0.711186 0.711186
9054.241211 0.000000 6689.884766 0.000000 0.489186 0.000000 -0.872179 0.801850 0.801850 0.801850
9058.292969 0.000000 6688.620605 0.000000 0.144023 0.000000 0.989574 0.560418 0.560418 0.560418
9063.643555 0.000000 6677.924805 0.000000 0.135010 0.000000 0.990844 0.639798 0.639798 0.639798
9090.343750 0.000000 6695.250000 0.000000 0.929823 0.000000 0.368006 0.686169 0.686169 0.686169
9060.247070 0.000000 6676.120605 0.000000 0.325515 0.000000 -0.945537 0.747645 0.747645 0.747645
9052.286133 0.000000 6687.062012 0.000000 0.526557 0.000000 0.850140 0.644944 0.644944 0.644944
9062.480469 0.000000 6694.003906 0.000000 0.602229 0.000000 0.798324 0.653146 0.653146 0.653146
9065.882812 0.000000 6697.641113 0.000000 0.503153 0.000000 -0.864197 0.798480 0.798480 0.798480
9057.937500 0.000000 6686.052246 0.000000 0.950014 0.000000 0.312207 0.675030 0.675030 0.675030
9055.920898 0.000000 6688.080566 0.000000 0.856447 0.000000 0.516236 0.647861 0.647861 0.647861
9059.075195 0.000000 6690.987305 0.000000 0.085690 0.000000 -0.996322 0.801211 0.801211 0.801211
9086.949219 0.000000 6714.587891 0.000000 0.913581 0.000000 0.406657 0.672189 0.672189 0.672189
9088.751953 0.000000 6672.799316 0.000000 0.438747 0.000000 -0.898611 0.817080 0.817080 0.817080
9090.895508 0.000000 6668.772461 0.000000 0.590682 0.000000 -0.806904 0.765632 0.765632 0.765632
9054.283203 0.000000 6686.914551 0.000000 0.548030 0.000000 0.836459 0.528583 0.528583 0.528583
9163.711914 0.000000 6687.847168 0.000000 0.840625 0.000000 0.541618 0.657990 0.657990 0.657990
9134.541992 0.000000 6666.929199 0.000000 0.745423 0.000000 -0.666592 0.767579 0.767579 0.767579
9095.884766 0.000000 6718.711914 0.000000 0.847934 0.000000 0.530102 0.661920 0.661920 0.661920
9117.986328 0.000000 6681.217285 0.000000 0.942621 0.000000 0.333865 0.677989 0.677989 0.677989
9147.699219 0.000000 6704.236328 0.000000 0.908275 0.000000 -0.418373 0.706789 0.706789 0.706789
9179.813477 0.000000 6694.659180 0.000000 0.976279 0.000000 0.216518 0.693516 0.693516 0.693516
9124.590820 0.000000 6656.219238 0.000000 0.373820 0.000000 -0.927501 0.724907 0.724907 0.724907
9129.631836 0.000000 6688.416992 0.000000 0.257670 0.000000 0.966233 0.686262 0.686262 0.686262
9145.024414 0.000000 6672.027832 0.000000 0.739669 0.000000 0.672971 0.680649 0.680649 0.680649
9135.135742 0.000000 6678.130859 0.000000 0.424917 0.000000 0.905232 0.670328 0.670328 0.670328
9121.741211 0.000000 6711.691406 0.000000 0.983011 0.000000 0.183548 0.699032 0.699032 0.699032
9171.389648 0.000000 6699.977051 0.000000 0.565496 0.000000 -0.824751 0.710168 0.710168 0.710168
9182.978516 0.000000 6686.207031 0.000000 0.608319 0.000000 0.793693 0.683977 0.683977 0.683977
9110.356445 0.000000 6678.303223 0.000000 0.801671 0.000000 -0.597766 0.716795 0.716795 0.716795
9169.825195 0.000000 6692.475586 0.000000 0.281271 0.000000 0.959628 0.659557 0.659557 0.659557
9100.843750 0.000000 6691.338379 0.000000 0.607535 0.000000 -0.794293 0.711228 0.711228 0.711228
9155.819336 0.000000 6686.808594 0.000000 0.641370 0.000000 -0.767232 0.751962 0.751962 0.751962
9102.639648 0.000000 6678.776855 0.000000 0.930381 0.000000 -0.366593 0.702624 0.702624 0.702624
9146.303711 0.000000 6679.679199 0.000000 0.999686 0.000000 -0.025044 0.703370 0.703370 0.703370
9160.841797 0.000000 6680.677246 0.000000 0.992561 0.000000 -0.121747 0.701920 0.701920 0.701920
9158.862305 0.000000 6693.319824 0.000000 0.181339 0.000000 -0.983421 0.789778 0.789778 0.789778
9153.495117 0.000000 6699.897949 0.000000 0.583672 0.000000 0.811989 0.680129 0.680129 0.680129
9108.559570 0.000000 6704.506836 0.000000 0.862791 0.000000 -0.505560 0.715747 0.715747 0.715747
9184.193359 0.000000 6671.368652 0.000000 0.981085 0.000000 -0.193580 0.705107 0.705107 0.705107
9149.200195 0.000000 6685.410156 0.000000 0.761432 0.000000 0.648245 0.649466 0.649466 0.649466
9172.055664 0.000000 6673.600098 0.000000 0.879965 0.000000 -0.475038 0.709516 0.709516 0.709516
9165.735352 0.000000 6703.779785 0.000000 0.913579 0.000000 0.406661 0.694145 0.694145 0.694145
9185.229492 0.000000 6698.845703 0.000000 0.230926 0.000000 0.972971 0.667270 0.667270 0.667270
9134.630859 0.000000 6684.358398 0.000000 0.996778 0.000000 0.080214 0.695229 0.695229 0.695229
9153.353516 0.000000 6706.821289 0.000000 0.722553 0.000000 0.691315 0.682659 0.682659 0.682659
9173.684570 0.000000 6679.395996 0.000000 0.999007 0.000000 0.044563 0.697585 0.697585 0.697585
9122.189453 0.000000 6705.687988 0.000000 0.370012 0.000000 -0.929027 0.766647 0.766647 0.766647
9184.849609 0.000000 6691.539062 0.000000 0.060515 0.000000 -0.998167 0.768621 0.768621 0.768621
9178.279297 0.000000 6689.452148 0.000000 0.876593 0.000000 0.481232 0.654376 0.654376 0.654376
9109.739258 0.000000 6716.403809 0.000000 0.975275 0.000000 0.220993 0.690654 0.690654 0.690654
9141.438477 0.000000 6668.168945 0.000000 0.434178 0.000000 0.900827 0.684318 0.684318 0.684318
9169.166992 0.000000 6687.478516 0.000000 0.982882 0.000000 -0.184234 0.708419 0.708419 0.708419
9106.242188 0.000000 6675.497070 0.000000 0.980561 0.000000 0.196212 0.696204 0.696204 0.696204
9093.027344 0.000000 6697.193848 0.000000 0.061766 0.000000 0.998091 0.673629 0.673629 0.673629
9112.445312 0.000000 6707.134277 0.000000 0.529547 0.000000 0.848280 0.669913 0.669913 0.669913
9106.621094 0.000000 6680.992676 0.000000 0.065485 0.000000 0.997854 0.671064 0.671064 0.671064
9125.455078 0.000000 6708.864746 0.000000 0.144316 0.000000 0.989532 0.655144 0.655144 0.655144
9103.762695 0.000000 6745.691895 0.000000 0.218809 0.000000 -0.975768 0.735394 0.735394 0.735394
9101.414062 0.000000 6696.004395 0.000000 0.085321 0.000000 -0.996354 0.770087 0.770087 0.770087
9157.069336 0.000000 6697.269531 0.000000 0.899147 0.000000 -0.437646 0.722165 0.722165 0.722165
9110.495117 0.000000 6673.912598 0.000000 0.153779 0.000000 -0.988105 0.722278 0.722278 0.722278
9127.757812 0.000000 6659.218262 0.000000 0.984573 0.000000 0.174975 0.696312 0.696312 0.696312
9160.065430 0.000000 6685.561523 0.000000 0.996257 0.000000 0.086439 0.689715 0.689715 0.689715
9164.195312 0.000000 6683.386230 0.000000 0.544226 0.000000 0.838939 0.673909 0.673909 0.673909
9125.437500 0.000000 6689.904785 0.000000 0.814491 0.000000 -0.580177 0.718388 0.718388 0.718388
9147.751953 0.000000 6675.635254 0.000000 0.909201 0.000000 -0.416357 0.736773 0.736773 0.736773
9169.825195 0.000000 6677.527344 0.000000 0.597334 0.000000 -0.801992 0.717890 0.717890 0.717890
9145.684570 0.000000 6667.893066 0.000000 0.296241 0.000000 0.955113 0.653390 0.653390 0.653390
9161.931641 0.000000 6676.561523 0.000000 0.578465 0.000000 -0.815707 0.720005 0.720005 0.720005
9156.943359 0.000000 6682.666992 0.000000 0.864226 0.000000 0.503104 0.672361 0.672361 0.672361
9097.235352 0.000000 6714.302734 0.000000 0.901280 0.000000 0.433236 0.686688 0.686688 0.686688
9155.193359 0.000000 6691.369141 0.000000 0.892754 0.000000 -0.450545 0.716336 0.716336 0.716336
9155.833984 0.000000 6744.254395 0.000000 0.312797 0.000000 0.949820 0.675920 0.675920 0.675920
9145.091797 0.000000 6683.336426 0.000000 0.606647 0.000000 -0.794971 0.767450 0.767450 0.767450
9118.165039 0.000000 6713.143066 0.000000 0.976341 0.000000 -0.216236 0.711427 0.711427 0.711427
9159.607422 0.000000 6689.492676 0.000000 0.996609 0.000000 -0.082282 0.709213 0.709213 0.709213
9151.456055 0.000000 6703.174316 0.000000 0.575297 0.000000 0.817945 0.656479 0.656479 0.656479
9121.143555 0.000000 6683.501465 0.000000 0.572604 0.000000 -0.819832 0.725195 0.725195 0.725195
9166.706055 0.000000 6690.343750 0.000000 0.318136 0.000000 -0.948045 0.747945 0.747945 0.747945
9130.535156 0.000000 6684.745605 0.000000 0.718011 0.000000 0.696031 0.658293 0.658293 0.658293
9184.085938 0.000000 6695.250000 0.000000 0.660221 0.000000 0.751072 0.649514 0.649514 0.649514
9133.327148 0.000000 6687.976562 0.000000 0.993172 0.000000 0.116659 0.696526 0.696526 0.696526
9167.557617 0.000000 6700.594727 0.000000 0.476853 0.000000 -0.878983 0.793821 0.793821 0.793821
9148.000977 0.000000 6694.184570 0.000000 0.655824 0.000000 0.754914 0.650662 0.650662 0.650662
9150.692383 0.000000 6677.751953 0.000000 0.944011 0.000000 -0.329913 0.708813 0.708813 0.708813
9136.931641 0.000000 6681.550293 0.000000 0.205048 0.000000 0.978752 0.642779 0.642779 0.642779
9119.543945 0.000000 6703.094238 0.000000 0.439092 0.000000 -0.898442 0.783879 0.783879 0.783879
9118.780273 0.000000 6706.650879 0.000000 0.258609 0.000000 0.965982 0.663393 0.663393 0.663393
9132.552734 0.000000 6669.869629 0.000000 0.225116 0.000000 -0.974332 0.732876 0.732876 0.732876
9123.029297 0.000000 6702.247559 0.000000 0.225275 0.000000 0.974295 0.589644 0.589644 0.589644
9164.029297 0.000000 6700.706543 0.000000 0.179256 0.000000 -0.983802 0.789915 0.789915 0.789915
9146.028320 0.000000 6687.062012 0.000000 0.527522 0.000000 0.849541 0.671616 0.671616 0.671616
9181.828125 0.000000 6689.689453 0.000000 0.933837 0.000000 -0.357698 0.737717 0.737717 0.737717
9179.537109 0.000000 6686.079102 0.000000 0.841423 0.000000 -0.540377 0.715963 0.715963 0.715963
9175.036133 0.000000 6676.310547 0.000000 0.292809 0.000000 -0.956171 0.746741 0.746741 0.746741
9108.736328 0.000000 6707.887695 0.000000 0.721975 0.000000 0.691919 0.654596 0.654596 0.654596
9176.860352 0.000000 6693.098633 0.000000 0.712497 0.000000 0.701675 0.671457 0.671457 0.671457
9186.707031 0.000000 6669.192871 0.000000 0.013164 0.000000 -0.999913 0.800717 0.800717 0.800717
9143.165039 0.000000 6678.615234 0.000000 0.853328 0.000000 0.521374 0.682747 0.682747 0.682747
9150.185547 0.000000 6706.084961 0.000000 0.944784 0.000000 -0.327694 0.716337 0.716337 0.716337
9121.167969 0.000000 6708.628906 0.000000 0.631297 0.000000 0.775541 0.667427 0.667427 0.667427
9106.594727 0.000000 6716.751465 0.000000 0.567020 0.000000 -0.823704 0.735522 0.735522 0.735522
9160.881836 0.000000 6748.820801 0.000000 0.445323 0.000000 -0.895370 0.781418 0.781418 0.781418
9109.597656 0.000000 6681.125000 0.000000 0.960670 0.000000 -0.277694 0.718687 0.718687 0.718687
9182.753906 0.000000 6700.750000 0.000000 0.958001 0.000000 0.286764 0.685768 0.685768 0.685768
9182.043945 0.000000 6692.694824 0.000000 0.199682 0.000000 0.979861 0.532436 0.532436 0.532436
9107.344727 0.000000 6678.186035 0.000000 0.720397 0.000000 0.693562 0.663837 0.663837 0.663837
9181.904297 0.000000 6705.905762 0.000000 0.587118 0.000000 0.809501 0.650545 0.650545 0.650545
9144.569336 0.000000 6674.965820 0.000000 0.933371 0.000000 0.358912 0.676263 0.676263 0.676263
9159.166016 0.000000 6744.870605 0.000000 0.888084 0.000000 -0.459682 0.744240 0.744240 0.744240
9172.458984 0.000000 6693.414062 0.000000 0.333443 0.000000 0.942770 0.633319 0.633319 0.633319
9147.787109 0.000000 6682.796875 0.000000 0.405282 0.000000 -0.914192 0.786682 0.786682 0.786682
9143.147461 0.000000 6681.439453 0.000000 0.999857 0.000000 -0.016910 0.700739 0.700739 0.700739
9143.690430 0.000000 6669.699707 0.000000 0.996142 0.000000 0.087757 0.694779 0.694779 0.694779
9119.180664 0.000000 6710.538086 0.000000 0.725251 0.000000 0.688484 0.653551 0.653551 0.653551
9179.465820 0.000000 6691.891602 0.000000 0.966141 0.000000 -0.258014 0.736941 0.736941 0.736941
9172.316406 0.000000 6676.258789 0.000000 0.398500 0.000000 0.917168 0.616819 0.616819 0.616819
9161.486328 0.000000 6683.293457 0.000000 0.089038 0.000000 -0.996028 0.793214 0.793214 0.793214
9168.412109 0.000000 6703.080566 0.000000 0.619659 0.000000 -0.784871 0.748892 0.748892 0.748892
9157.115234 0.000000 6688.965332 0.000000 0.896267 0.000000 0.443514 0.651014 0.651014 0.651014
9159.625000 0.000000 6697.641113 0.000000 0.990663 0.000000 0.136336 0.693786 0.693786 0.693786
9161.498047 0.000000 6693.529785 0.000000 0.140217 0.000000 -0.990121 0.769979 0.769979 0.769979
9145.720703 0.000000 6677.189941 0.000000 0.780815 0.000000 0.624762 0.637496 0.637496 0.637496
9128.091797 0.000000 6656.777832 0.000000 0.952876 0.000000 0.303359 0.682764 0.682764 0.682764
9155.764648 0.000000 6746.882324 0.000000 0.840812 0.000000 -0.541328 0.750982 0.750982 0.750982
9157.684570 0.000000 6685.032715 0.000000 0.654113 0.000000 -0.756397 0.788444 0.788444 0.788444
9137.494141 0.000000 6683.915527 0.000000 0.834910 0.000000 -0.550387 0.735649 0.735649 0.735649
9148.724609 0.000000 6679.392578 0.000000 0.886245 0.000000 -0.463217 0.747975 0.747975 0.747975
9162.541016 0.000000 6685.503906 0.000000 0.240549 0.000000 -0.970637 0.811387 0.811387 0.811387
9154.382812 0.000000 6688.943359 0.000000 0.337456 0.000000 -0.941341 0.777168 0.777168 0.777168
9155.428711 0.000000 6684.485352 0.000000 0.198372 0.000000 0.980127 0.620928 0.620928 0.620928
9161.234375 0.000000 6687.619629 0.000000 0.034934 0.000000 0.999390 0.501381 0.501381 0.501381
9124.330078 0.000000 6706.811035 0.000000 0.999961 0.000000 0.008879 0.699054 0.699054 0.699054
9159.312500 0.000000 6682.428711 0.000000 0.921700 0.000000 -0.387903 0.724366 0.724366 0.724366
9146.819336 0.000000 6684.889160 0.000000 0.204070 0.000000 -0.978956 0.807368 0.807368 0.807368
9158.552734 0.000000 6687.201660 0.000000 0.641621 0.000000 0.767022 0.519730 0.519730 0.519730
9131.386719 0.000000 6686.863770 0.000000 0.713630 0.000000 -0.700523 0.766461 0.766461 0.766461
9116.560547 0.000000 6683.028809 0.000000 0.984986 0.000000 0.172632 0.689085 0.689085 0.689085
9169.649414 0.000000 6701.329102 0.000000 0.991890 0.000000 0.127098 0.690869 0.690869 0.690869
9146.135742 0.000000 6681.655762 0.000000 0.287825 0.000000 -0.957683 0.831858 0.831858 0.831858
9148.776367 0.000000 6677.309082 0.000000 0.208416 0.000000 0.978040 0.564444 0.564444 0.564444
9095.188477 0.000000 6716.550781 0.000000 0.999634 0.000000 0.027068 0.697918 0.697918 0.697918
9119.983398 0.000000 6705.080078 0.000000 0.826283 0.000000 0.563256 0.618442 0.618442 0.618442
9124.292969 0.000000 6691.703125 0.000000 0.458499 0.000000 0.888695 0.592888 0.592888 0.592888
9124.924805 0.000000 6702.489746 0.000000 0.853260 0.000000 0.521486 0.640560 0.640560 0.640560
9183.869141 0.000000 6693.157715 0.000000 0.991506 0.000000 0.130060 0.684044 0.684044 0.684044
9183.034180 0.000000 6691.161621 0.000000 0.300531 0.000000 -0.953772 0.834911 0.834911 0.834911
9144.541992 0.000000 6680.252930 0.000000 0.782260 0.000000 -0.622952 0.761114 0.761114 0.761114
9180.051758 0.000000 6689.015625 0.000000 0.772779 0.000000 -0.634675 0.770895 0.770895 0.770895
9123.106445 0.000000 6708.286621 0.000000 0.629547 0.000000 -0.776963 0.779307 0.779307 0.779307
9147.905273 0.000000 6680.994141 0.000000 0.538750 0.000000 -0.842466 0.803298 0.803298 0.803298
9147.240234 0.000000 6678.140625 0.000000 0.386370 0.000000 0.922344 0.542008 0.542008 0.542008
9126.773438 0.000000 6703.590820 0.000000 0.576144 0.000000 -0.817348 0.873896 0.873896 0.873896
9181.069336 0.000000 6691.225098 0.000000 0.857116 0.000000 0.515124 0.608266 0.608266 0.608266
9159.466797 0.000000 6684.046387 0.000000 0.928140 0.000000 -0.372232 0.745325 0.745325 0.745325
9180.490234 0.000000 6693.202148 0.000000 0.938228 0.000000 -0.346019 0.748780 0.748780 0.748780
9179.625000 0.000000 6690.437988 0.000000 0.961061 0.000000 0.276337 0.660368 0.660368 0.660368
9157.219727 0.000000 6686.428711 0.000000 0.847407 0.000000 -0.530945 0.783143 0.783143 0.783143
9122.901367 0.000000 6706.869141 0.000000 0.999938 0.000000 -0.011136 0.702491 0.702491 0.702491
9159.717773 0.000000 6686.777344 0.000000 0.064020 0.000000 -0.997949 1.010711 1.010711 1.010711
9241.441406 0.000000 6610.494141 0.000000 0.954287 0.000000 0.298891 0.687269 0.687269 0.687269
9218.809570 0.000000 6653.828125 0.000000 0.422046 0.000000 0.906574 0.646441 0.646441 0.646441
9218.640625 0.000000 6578.565918 0.000000 0.476117 0.000000 -0.879382 0.730046 0.730046 0.730046
9263.567383 0.000000 6583.785156 0.000000 0.863828 0.000000 -0.503787 0.712918 0.712918 0.712918
9217.740234 0.000000 6590.157715 0.000000 0.158117 0.000000 0.987420 0.591425 0.591425 0.591425
9231.236328 0.000000 6590.173340 0.000000 0.432916 0.000000 -0.901434 0.774581 0.774581 0.774581
9240.556641 0.000000 6608.521484 0.000000 0.960163 0.000000 0.279439 0.673274 0.673274 0.673274
9216.297852 0.000000 6591.458984 0.000000 0.888820 0.000000 0.458257 0.663396 0.663396 0.663396
9188.932617 0.000000 6678.930176 0.000000 0.848536 0.000000 -0.529138 0.722412 0.722412 0.722412
9198.697266 0.000000 6698.660645 0.000000 0.991973 0.000000 0.126453 0.692245 0.692245 0.692245
9187.070312 0.000000 6692.147461 0.000000 0.769124 0.000000 0.639100 0.685460 0.685460 0.685460
9215.497070 0.000000 6668.919922 0.000000 0.991360 0.000000 0.131167 0.693333 0.693333 0.693333
9206.403320 0.000000 6738.396484 0.000000 0.050579 0.000000 0.998720 0.681403 0.681403 0.681403
9238.766602 0.000000 6672.027832 0.000000 0.983884 0.000000 0.178809 0.690261 0.690261 0.690261
9215.483398 0.000000 6711.691406 0.000000 0.900116 0.000000 -0.435650 0.737024 0.737024 0.737024
9186.881836 0.000000 6745.169922 0.000000 0.732699 0.000000 -0.680553 0.741859 0.741859 0.741859
9196.671875 0.000000 6662.567871 0.000000 0.999196 0.000000 -0.040080 0.702452 0.702452 0.702452
9241.556641 0.000000 6664.115723 0.000000 0.109921 0.000000 0.993940 0.692342 0.692342 0.692342
9194.898438 0.000000 6749.374512 0.000000 0.932464 0.000000 0.361262 0.686435 0.686435 0.686435
9194.585938 0.000000 6691.338379 0.000000 0.775441 0.000000 0.631420 0.652229 0.652229 0.652229
9206.714844 0.000000 6728.816895 0.000000 0.861743 0.000000 -0.507345 0.708369 0.708369 0.708369
9204.563477 0.000000 6664.378418 0.000000 0.092222 0.000000 -0.995739 0.712919 0.712919 0.712919
9201.565430 0.000000 6691.996582 0.000000 0.966144 0.000000 0.258004 0.693615 0.693615 0.693615
9210.264648 0.000000 6709.453125 0.000000 0.387028 0.000000 -0.922068 0.788176 0.788176 0.788176
9210.547852 0.000000 6666.617188 0.000000 0.266027 0.000000 -0.963965 0.781883 0.781883 0.781883
9215.846680 0.000000 6663.185059 0.000000 0.612173 0.000000 -0.790724 0.712750 0.712750 0.712750
9205.646484 0.000000 6682.950195 0.000000 0.433111 0.000000 0.901340 0.631320 0.631320 0.631320
9192.281250 0.000000 6745.444824 0.000000 0.572902 0.000000 0.819624 0.669778 0.669778 0.669778
9191.335938 0.000000 6674.863281 0.000000 0.713959 0.000000 -0.700187 0.713555 0.713555 0.713555
9205.097656 0.000000 6668.887207 0.000000 0.285285 0.000000 0.958443 0.670886 0.670886 0.670886
9218.640625 0.000000 6672.308105 0.000000 0.612098 0.000000 0.790782 0.672903 0.672903 0.672903
9234.004883 0.000000 6656.066895 0.000000 0.179875 0.000000 -0.983689 0.731577 0.731577 0.731577
9206.344727 0.000000 6747.912598 0.000000 0.736383 0.000000 -0.676565 0.724674 0.724674 0.724674
9195.156250 0.000000 6696.004395 0.000000 0.959921 0.000000 -0.280270 0.704468 0.704468 0.704468
9200.328125 0.000000 6665.483398 0.000000 0.272780 0.000000 0.962076 0.636656 0.636656 0.636656
9219.604492 0.000000 6667.584473 0.000000 0.979169 0.000000 0.203047 0.694997 0.694997 0.694997
9214.869141 0.000000 6736.865234 0.000000 0.303277 0.000000 -0.952902 0.735306 0.735306 0.735306
9226.066406 0.000000 6691.838379 0.000000 0.994319 0.000000 -0.106439 0.703727 0.703727 0.703727
9230.541992 0.000000 6663.070312 0.000000 0.999502 0.000000 -0.031555 0.700882 0.700882 0.700882
9216.961914 0.000000 6730.591309 0.000000 0.118924 0.000000 0.992903 0.578235 0.578235 0.578235
9239.426758 0.000000 6667.893066 0.000000 0.002465 0.000000 0.999997 0.636962 0.636962 0.636962
9191.419922 0.000000 6703.130859 0.000000 0.921982 0.000000 0.387232 0.692356 0.692356 0.692356
9212.157227 0.000000 6670.992188 0.000000 0.394704 0.000000 -0.918808 0.728504 0.728504 0.728504
9226.416992 0.000000 6740.975586 0.000000 0.136852 0.000000 0.990591 0.654907 0.654907 0.654907
9202.874023 0.000000 6688.311035 0.000000 0.726106 0.000000 0.687583 0.674826 0.674826 0.674826
9224.435547 0.000000 6747.458496 0.000000 0.933744 0.000000 -0.357940 0.720471 0.720471 0.720471
9191.024414 0.000000 6660.667969 0.000000 0.969950 0.000000 -0.243302 0.714174 0.714174 0.714174
9213.593750 0.000000 6665.525879 0.000000 0.973174 0.000000 -0.230071 0.714605 0.714605 0.714605
9236.907227 0.000000 6678.615234 0.000000 0.112296 0.000000 0.993675 0.603159 0.603159 0.603159
9207.101562 0.000000 6666.301270 0.000000 0.790081 0.000000 0.613002 0.645802 0.645802 0.645802
9214.910156 0.000000 6708.628906 0.000000 0.329548 0.000000 -0.944139 0.743164 0.743164 0.743164
9208.652344 0.000000 6740.672363 0.000000 0.996317 0.000000 -0.085746 0.703901 0.703901 0.703901
9199.600586 0.000000 6748.169922 0.000000 0.996423 0.000000 0.084505 0.696008 0.696008 0.696008
9215.176758 0.000000 6739.983887 0.000000 0.847741 0.000000 -0.530410 0.738105 0.738105 0.738105
9236.230469 0.000000 6658.377930 0.000000 0.933168 0.000000 -0.359441 0.712208 0.712208 0.712208
9217.090820 0.000000 6665.930176 0.000000 0.206201 0.000000 -0.978510 0.759553 0.759553 0.759553
9187.572266 0.000000 6668.454102 0.000000 0.867346 0.000000 0.497706 0.666315 0.666315 0.666315
9236.889648 0.000000 6681.439453 0.000000 0.127289 0.000000 -0.991866 0.808448 0.808448 0.808448
9212.680664 0.000000 6668.323242 0.000000 0.972387 0.000000 0.233373 0.683946 0.683946 0.683946
9192.325195 0.000000 6748.171875 0.000000 0.805888 0.000000 -0.592067 0.746507 0.746507 0.746507
9192.804688 0.000000 6742.939941 0.000000 0.064836 0.000000 0.997896 0.615785 0.615785 0.615785
9187.499023 0.000000 6671.004883 0.000000 0.953836 0.000000 -0.300327 0.724522 0.724522 0.724522
9199.207031 0.000000 6696.047852 0.000000 0.997411 0.000000 -0.071914 0.705157 0.705157 0.705157
9190.244141 0.000000 6705.336914 0.000000 0.267483 0.000000 -0.963563 0.774972 0.774972 0.774972
9197.069336 0.000000 6748.392578 0.000000 0.548195 0.000000 -0.836351 0.757128 0.757128 0.757128
9241.401367 0.000000 6666.553223 0.000000 0.060647 0.000000 -0.998159 0.797645 0.797645 0.797645
9195.826172 0.000000 6689.298828 0.000000 0.795966 0.000000 -0.605342 0.740906 0.740906 0.740906
9232.657227 0.000000 6661.903320 0.000000 0.152155 0.000000 -0.988357 0.784257 0.784257 0.784257
9239.872070 0.000000 6670.057617 0.000000 0.422176 0.000000 -0.906514 0.799171 0.799171 0.799171
9222.635742 0.000000 6738.647949 0.000000 0.506824 0.000000 -0.862050 0.781732 0.781732 0.781732
9204.626953 0.000000 6743.041016 0.000000 0.981314 0.000000 -0.192416 0.717934 0.717934 0.717934
9215.144531 0.000000 6666.871582 0.000000 0.984760 0.000000 -0.173918 0.712220 0.712220 0.712220
9136.208008 0.000000 6751.967773 0.000000 0.773827 0.000000 0.633397 0.676025 0.676025 0.676025
9141.120117 0.000000 6756.716797 0.000000 0.426060 0.000000 0.904695 0.682217 0.682217 0.682217
9141.438477 0.000000 6761.911133 0.000000 0.556454 0.000000 0.830878 0.655440 0.655440 0.655440
9148.898438 0.000000 6753.348633 0.000000 0.351866 0.000000 0.936050 0.657665 0.657665 0.657665
9144.807617 0.000000 6754.501465 0.000000 0.999103 0.000000 -0.042342 0.701628 0.701628 0.701628
9130.382812 0.000000 6760.272461 0.000000 0.113059 0.000000 -0.993588 0.756036 0.756036 0.756036
9165.824219 0.000000 6752.333984 0.000000 0.609123 0.000000 -0.793076 0.732010 0.732010 0.732010
9159.873047 0.000000 6751.851074 0.000000 0.950625 0.000000 0.310342 0.668567 0.668567 0.668567
9151.113281 0.000000 6752.102539 0.000000 0.934747 0.000000 0.355313 0.672068 0.672068 0.672068
9161.234375 0.000000 6749.529785 0.000000 0.459411 0.000000 0.888224 0.619741 0.619741 0.619741
9130.555664 0.000000 6762.606445 0.000000 0.323382 0.000000 -0.946269 0.791124 0.791124 0.791124
9137.319336 0.000000 6753.852051 0.000000 0.383950 0.000000 -0.923354 0.786370 0.786370 0.786370
9171.670898 0.000000 6749.438965 0.000000 0.699328 0.000000 0.714801 0.633200 0.633200 0.633200
9139.580078 0.000000 6761.429688 0.000000 0.481160 0.000000 -0.876633 0.798996 0.798996 0.798996
9166.209961 0.000000 6750.527832 0.000000 0.060687 0.000000 0.998157 0.533744 0.533744 0.533744
9159.531250 0.000000 6750.149902 0.000000 0.527332 0.000000 -0.849659 0.801140 0.801140 0.801140
9198.125977 0.000000 6749.454590 0.000000 0.394300 0.000000 -0.918982 0.754993 0.754993 0.754993
9234.004883 0.000000 6749.809082 0.000000 0.999720 0.000000 -0.023660 0.700703 0.700703 0.700703
9198.665039 0.000000 6753.923340 0.000000 0.733726 0.000000 0.679445 0.641254 0.641254 0.641254
"}
