object={
	name="tree_palm_generator_1_0"
	render_pass=Map
	clamp_to_water_level=no
	generated_content=yes
	layer="tree_high_layer"
	pdxmesh="tree_palm_01_a_mesh"
	count=141
	transform="9561.675781 0.000000 4981.833496 0.000000 0.443284 0.000000 0.896381 0.664258 0.664258 0.664258
9576.880859 0.000000 4964.985840 0.000000 0.996247 0.000000 -0.086551 0.705937 0.705937 0.705937
9574.569336 0.000000 4967.068359 0.000000 0.465952 0.000000 0.884810 0.666595 0.666595 0.666595
9562.241211 0.000000 4973.165527 0.000000 0.999558 0.000000 -0.029725 0.701081 0.701081 0.701081
9571.640625 0.000000 4975.208496 0.000000 0.020095 0.000000 0.999798 0.561249 0.561249 0.561249
9566.414062 0.000000 4976.787109 0.000000 0.999115 0.000000 0.042061 0.698706 0.698706 0.698706
9573.094727 0.000000 4968.353027 0.000000 0.997519 0.000000 -0.070392 0.701280 0.701280 0.701280
9576.169922 0.000000 4973.853516 0.000000 0.990926 0.000000 -0.134411 0.704901 0.704901 0.704901
9571.222656 0.000000 4971.667969 0.000000 0.385627 0.000000 0.922655 0.621155 0.621155 0.621155
9565.993164 0.000000 4973.308594 0.000000 0.051458 0.000000 0.998675 0.608663 0.608663 0.608663
9575.421875 0.000000 4970.602051 0.000000 0.046551 0.000000 0.998916 0.335604 0.335604 0.335604
9568.932617 0.000000 4973.520508 0.000000 0.368362 0.000000 0.929682 0.438020 0.438020 0.438020
9564.846680 0.000000 4979.284668 0.000000 0.753710 0.000000 -0.657207 0.774190 0.774190 0.774190
9562.541016 0.000000 4981.094727 0.000000 0.889174 0.000000 0.457570 0.647509 0.647509 0.647509
9573.633789 0.000000 4972.821777 0.000000 0.155363 0.000000 0.987857 0.531871 0.531871 0.531871
9573.230469 0.000000 4970.644531 0.000000 0.993462 0.000000 -0.114164 0.725913 0.725913 0.725913
9568.313477 0.000000 4975.685059 0.000000 0.880449 0.000000 0.474142 0.669612 0.669612 0.669612
9564.077148 0.000000 4973.934570 0.000000 0.967416 0.000000 0.253192 0.684611 0.684611 0.684611
9570.785156 0.000000 4973.475098 0.000000 0.809780 0.000000 -0.586734 0.914771 0.914771 0.914771
9564.707031 0.000000 4977.456543 0.000000 0.162372 0.000000 0.986730 0.585852 0.585852 0.585852
9570.027344 0.000000 4975.678711 0.000000 0.168154 0.000000 -0.985761 0.825431 0.825431 0.825431
9574.728516 0.000000 4968.991699 0.000000 0.032077 0.000000 -0.999485 0.887156 0.887156 0.887156
9575.849609 0.000000 4972.203613 0.000000 0.548277 0.000000 0.836297 0.564292 0.564292 0.564292
9567.298828 0.000000 4974.320312 0.000000 0.907599 0.000000 -0.419837 0.764208 0.764208 0.764208
9563.052734 0.000000 4979.525391 0.000000 0.951194 0.000000 0.308595 0.669737 0.669737 0.669737
9563.164062 0.000000 4977.817871 0.000000 0.379276 0.000000 -0.925283 0.822264 0.822264 0.822264
9572.158203 0.000000 4972.882324 0.000000 0.999892 0.000000 0.014702 0.698253 0.698253 0.698253
9574.540039 0.000000 4971.711426 0.000000 0.999704 0.000000 0.024322 0.694185 0.694185 0.694185
9566.957031 0.000000 4975.578613 0.000000 0.314410 0.000000 0.949287 0.514614 0.514614 0.514614
9572.513672 0.000000 4971.708984 0.000000 0.110481 0.000000 -0.993878 1.030691 1.030691 1.030691
9570.161133 0.000000 4972.407715 0.000000 0.426141 0.000000 -0.904657 1.087251 1.087251 1.087251
9675.114258 0.000000 5707.232422 0.000000 0.995420 0.000000 -0.095595 0.700937 0.700937 0.700937
9677.363281 0.000000 5709.508301 0.000000 0.757732 0.000000 -0.652566 0.831205 0.831205 0.831205
9665.029297 0.000000 5703.445312 0.000000 0.259385 0.000000 -0.965774 0.835364 0.835364 0.835364
9658.544922 0.000000 5708.256836 0.000000 0.876014 0.000000 0.482286 0.633862 0.633862 0.633862
9667.308594 0.000000 5702.713867 0.000000 0.049488 0.000000 -0.998775 1.036044 1.036044 1.036044
9674.540039 0.000000 5709.342773 0.000000 0.906504 0.000000 -0.422198 0.778609 0.778609 0.778609
9657.313477 0.000000 5709.808594 0.000000 0.112581 0.000000 0.993643 0.400363 0.400363 0.400363
9675.979492 0.000000 5708.859863 0.000000 0.490215 0.000000 -0.871602 0.890894 0.890894 0.890894
9657.044922 0.000000 5708.384766 0.000000 0.148379 0.000000 0.988931 0.407784 0.407784 0.407784
9659.462891 0.000000 5709.242188 0.000000 0.278372 0.000000 0.960473 0.530642 0.530642 0.530642
9674.270508 0.000000 5708.194824 0.000000 0.968409 0.000000 -0.249369 0.745453 0.745453 0.745453
9656.240234 0.000000 5709.267578 0.000000 0.422757 0.000000 -0.906243 0.933119 0.933119 0.933119
9676.985352 0.000000 5743.278809 0.000000 0.709385 0.000000 -0.704821 0.814820 0.814820 0.814820
9679.461914 0.000000 5741.520508 0.000000 0.431616 0.000000 -0.902057 0.816339 0.816339 0.816339
9679.407227 0.000000 5732.006348 0.000000 0.031366 0.000000 -0.999508 0.861416 0.861416 0.861416
9677.214844 0.000000 5741.486816 0.000000 0.060688 0.000000 -0.998157 1.086346 1.086346 1.086346
9678.083008 0.000000 5733.164551 0.000000 0.700117 0.000000 0.714028 0.616616 0.616616 0.616616
9678.647461 0.000000 5730.693359 0.000000 0.983629 0.000000 0.180207 0.662001 0.662001 0.662001
9676.445312 0.000000 5740.118652 0.000000 0.655508 0.000000 0.755189 0.481010 0.481010 0.481010
9788.695312 0.000000 5592.039062 0.000000 0.273348 0.000000 0.961915 0.564326 0.564326 0.564326
9785.827148 0.000000 5563.510742 0.000000 0.600393 0.000000 -0.799705 0.769970 0.769970 0.769970
9791.331055 0.000000 5553.224609 0.000000 0.384648 0.000000 0.923063 0.522439 0.522439 0.522439
9815.026367 0.000000 5616.088379 0.000000 0.654036 0.000000 -0.756464 0.783957 0.783957 0.783957
9823.516602 0.000000 5591.821777 0.000000 0.999869 0.000000 -0.016197 0.700611 0.700611 0.700611
9825.509766 0.000000 5604.772461 0.000000 0.473540 0.000000 0.880773 0.671378 0.671378 0.671378
9803.561523 0.000000 5573.264160 0.000000 0.999897 0.000000 0.014343 0.699639 0.699639 0.699639
9793.259766 0.000000 5588.972168 0.000000 0.997403 0.000000 -0.072016 0.707558 0.707558 0.707558
9820.823242 0.000000 5606.330566 0.000000 0.970667 0.000000 0.240426 0.693211 0.693211 0.693211
9805.910156 0.000000 5602.656250 0.000000 0.744795 0.000000 0.667294 0.623396 0.623396 0.623396
9787.411133 0.000000 5555.998047 0.000000 0.042925 0.000000 -0.999078 0.783306 0.783306 0.783306
9825.896484 0.000000 5615.243652 0.000000 0.820741 0.000000 -0.571301 0.723804 0.723804 0.723804
9779.415039 0.000000 5605.685059 0.000000 0.984481 0.000000 0.175494 0.697287 0.697287 0.697287
9785.544922 0.000000 5608.610840 0.000000 0.958659 0.000000 0.284557 0.686284 0.686284 0.686284
9806.346680 0.000000 5556.458984 0.000000 0.953386 0.000000 0.301755 0.683286 0.683286 0.683286
9809.338867 0.000000 5558.950684 0.000000 0.384413 0.000000 -0.923161 0.852933 0.852933 0.852933
9807.651367 0.000000 5578.268066 0.000000 0.821455 0.000000 0.570273 0.666912 0.666912 0.666912
9826.637695 0.000000 5594.725098 0.000000 0.909398 0.000000 -0.415927 0.711395 0.711395 0.711395
9819.768555 0.000000 5592.472168 0.000000 0.856974 0.000000 -0.515360 0.726493 0.726493 0.726493
9789.902344 0.000000 5595.632324 0.000000 0.477452 0.000000 -0.878658 0.799012 0.799012 0.799012
9794.876953 0.000000 5575.671875 0.000000 0.954334 0.000000 0.298740 0.684731 0.684731 0.684731
9809.160156 0.000000 5603.485840 0.000000 0.964051 0.000000 0.265717 0.677816 0.677816 0.677816
9822.697266 0.000000 5613.823730 0.000000 0.995087 0.000000 0.099008 0.697920 0.697920 0.697920
9824.001953 0.000000 5607.613281 0.000000 0.531255 0.000000 -0.847212 0.790435 0.790435 0.790435
9778.508789 0.000000 5608.891602 0.000000 0.076930 0.000000 0.997037 0.578872 0.578872 0.578872
9790.175781 0.000000 5556.630371 0.000000 0.154014 0.000000 -0.988069 0.814834 0.814834 0.814834
9792.183594 0.000000 5576.184082 0.000000 0.347653 0.000000 0.937623 0.584422 0.584422 0.584422
9821.234375 0.000000 5590.188477 0.000000 0.497425 0.000000 0.867507 0.589885 0.589885 0.589885
9823.975586 0.000000 5594.492188 0.000000 0.939045 0.000000 0.343793 0.674977 0.674977 0.674977
9805.470703 0.000000 5600.015625 0.000000 0.693860 0.000000 -0.720110 0.770811 0.770811 0.770811
9812.750977 0.000000 5617.035156 0.000000 0.884381 0.000000 0.466766 0.659263 0.659263 0.659263
9783.284180 0.000000 5563.290527 0.000000 0.603649 0.000000 0.797250 0.519395 0.519395 0.519395
9789.136719 0.000000 5554.166992 0.000000 0.865976 0.000000 -0.500085 0.741733 0.741733 0.741733
9817.429688 0.000000 5562.713379 0.000000 0.396593 0.000000 -0.917995 1.036570 1.036570 1.036570
9803.471680 0.000000 5601.200195 0.000000 0.186049 0.000000 0.982540 0.591671 0.591671 0.591671
9807.025391 0.000000 5558.769531 0.000000 0.664737 0.000000 0.747077 0.619795 0.619795 0.619795
9810.569336 0.000000 5572.827148 0.000000 0.617350 0.000000 -0.786689 0.853168 0.853168 0.853168
9787.872070 0.000000 5594.200684 0.000000 0.587076 0.000000 0.809532 0.640651 0.640651 0.640651
9818.907227 0.000000 5590.297363 0.000000 0.369810 0.000000 -0.929107 0.786657 0.786657 0.786657
9794.320312 0.000000 5590.932617 0.000000 0.209518 0.000000 -0.977805 0.800752 0.800752 0.800752
9781.566406 0.000000 5605.090332 0.000000 0.656214 0.000000 -0.754575 0.783675 0.783675 0.783675
9808.636719 0.000000 5556.830566 0.000000 0.777255 0.000000 0.629186 0.648625 0.648625 0.648625
9825.206055 0.000000 5596.469727 0.000000 0.828703 0.000000 0.559688 0.637715 0.637715 0.637715
9809.240234 0.000000 5579.783691 0.000000 0.634309 0.000000 -0.773079 0.759301 0.759301 0.759301
9795.593750 0.000000 5577.812012 0.000000 0.966131 0.000000 0.258054 0.645264 0.645264 0.645264
9785.500977 0.000000 5610.874512 0.000000 0.470759 0.000000 -0.882262 0.774030 0.774030 0.774030
9803.003906 0.000000 5575.315430 0.000000 0.826009 0.000000 -0.563657 0.756928 0.756928 0.756928
9788.971680 0.000000 5560.374512 0.000000 0.312887 0.000000 0.949790 0.526634 0.526634 0.526634
9803.998047 0.000000 5603.289551 0.000000 0.794407 0.000000 0.607386 0.638855 0.638855 0.638855
9791.649414 0.000000 5555.194824 0.000000 0.759304 0.000000 0.650736 0.648489 0.648489 0.648489
9809.054688 0.000000 5576.863281 0.000000 0.809919 0.000000 0.586542 0.619382 0.619382 0.619382
9780.199219 0.000000 5607.794922 0.000000 0.341098 0.000000 -0.940028 1.045305 1.045305 1.045305
9780.488281 0.000000 5566.796875 0.000000 0.154832 0.000000 -0.987941 1.163025 1.163025 1.163025
9792.856445 0.000000 5552.053711 0.000000 0.635840 0.000000 -0.771821 0.798614 0.798614 0.798614
9806.925781 0.000000 5576.588379 0.000000 0.841218 0.000000 0.540696 0.639301 0.639301 0.639301
9821.722656 0.000000 5592.314941 0.000000 0.366178 0.000000 0.930545 0.614731 0.614731 0.614731
9780.201172 0.000000 5594.742676 0.000000 0.895431 0.000000 -0.445200 0.825788 0.825788 0.825788
9792.490234 0.000000 5590.617188 0.000000 0.348485 0.000000 -0.937314 0.815493 0.815493 0.815493
9793.724609 0.000000 5577.143555 0.000000 0.834990 0.000000 -0.550266 0.755395 0.755395 0.755395
9823.316406 0.000000 5609.231445 0.000000 0.463717 0.000000 -0.885984 0.795883 0.795883 0.795883
9794.752930 0.000000 5588.110352 0.000000 0.436021 0.000000 -0.899936 0.792353 0.792353 0.792353
9790.408203 0.000000 5561.280273 0.000000 0.617406 0.000000 -0.786645 0.878470 0.878470 0.878470
9792.868164 0.000000 5553.869629 0.000000 0.934472 0.000000 0.356036 0.659286 0.659286 0.659286
9813.422852 0.000000 5615.442383 0.000000 0.879231 0.000000 0.476396 0.654876 0.654876 0.654876
9815.662109 0.000000 5559.140137 0.000000 0.676722 0.000000 -0.736238 0.959144 0.959144 0.959144
9786.766602 0.000000 5609.824219 0.000000 0.355047 0.000000 0.934848 0.573353 0.573353 0.573353
9786.955078 0.000000 5557.780273 0.000000 0.120527 0.000000 0.992710 0.434442 0.434442 0.434442
9781.450195 0.000000 5608.750000 0.000000 0.832639 0.000000 0.553816 0.562142 0.562142 0.562142
9815.416992 0.000000 5614.545410 0.000000 0.500744 0.000000 -0.865595 0.809714 0.809714 0.809714
9780.740234 0.000000 5606.390137 0.000000 0.633519 0.000000 0.773727 0.450151 0.450151 0.450151
9804.423828 0.000000 5574.764160 0.000000 0.488984 0.000000 0.872293 0.502924 0.502924 0.502924
9808.110352 0.000000 5604.888672 0.000000 0.981397 0.000000 -0.191989 0.751317 0.751317 0.751317
9816.019531 0.000000 5563.145020 0.000000 0.015946 0.000000 0.999873 0.250027 0.250027 0.250027
9808.204102 0.000000 5559.777832 0.000000 0.904261 0.000000 -0.426981 0.757359 0.757359 0.757359
9814.418945 0.000000 5558.447754 0.000000 0.895544 0.000000 -0.444973 0.844415 0.844415 0.844415
9809.538086 0.000000 5605.261230 0.000000 0.691193 0.000000 -0.722670 0.914540 0.914540 0.914540
9787.129883 0.000000 5611.153809 0.000000 0.880676 0.000000 0.473719 0.625485 0.625485 0.625485
9789.132812 0.000000 5561.749023 0.000000 0.683327 0.000000 0.730113 0.586714 0.586714 0.586714
9810.785156 0.000000 5574.197754 0.000000 0.742016 0.000000 0.670382 0.578791 0.578791 0.578791
9788.418945 0.000000 5556.949707 0.000000 0.538261 0.000000 -0.842778 1.015327 1.015327 1.015327
9811.859375 0.000000 5572.557617 0.000000 0.488736 0.000000 -0.872432 0.879342 0.879342 0.879342
9805.807617 0.000000 5575.034180 0.000000 0.306270 0.000000 0.951945 0.465800 0.465800 0.465800
9811.700195 0.000000 5575.194336 0.000000 0.632184 0.000000 0.774818 0.553764 0.553764 0.553764
9781.662109 0.000000 5566.262695 0.000000 0.883005 0.000000 0.469364 0.540165 0.540165 0.540165
9786.318359 0.000000 5556.699219 0.000000 0.965467 0.000000 -0.260526 0.748271 0.748271 0.748271
9791.413086 0.000000 5560.544434 0.000000 0.999025 0.000000 -0.044147 0.708705 0.708705 0.708705
9782.227539 0.000000 5563.965820 0.000000 0.592106 0.000000 -0.805860 0.883423 0.883423 0.883423
9794.968750 0.000000 5576.879883 0.000000 0.247720 0.000000 0.968832 0.423084 0.423084 0.423084
9822.019531 0.000000 5627.427734 0.000000 0.613817 0.000000 -0.789448 0.894633 0.894633 0.894633
9822.649414 0.000000 5629.283203 0.000000 0.896705 0.000000 -0.442629 0.733976 0.733976 0.733976
9823.631836 0.000000 5626.117676 0.000000 0.510838 0.000000 -0.859677 0.921313 0.921313 0.921313
"}
