object={
	name="tree_pine_01_b_generator_1_0"
	render_pass=Map
	clamp_to_water_level=no
	generated_content=yes
	layer="tree_high_layer"
	pdxmesh="tree_pine_01_b_mesh"
	count=695
	transform="5135.850098 0.000000 10587.604492 0.000000 0.587856 0.000000 -0.808965 0.400000 0.400000 0.400000
5139.236816 0.000000 10566.987305 0.000000 0.938305 0.000000 0.345810 0.400000 0.400000 0.400000
5153.145020 0.000000 10573.970703 0.000000 0.052852 0.000000 0.998602 0.400000 0.400000 0.400000
5127.916992 0.000000 10584.424805 0.000000 0.992786 0.000000 0.119900 0.400000 0.400000 0.400000
5138.400879 0.000000 10573.108398 0.000000 0.773768 0.000000 0.633470 0.400000 0.400000 0.400000
5127.226562 0.000000 10590.956055 0.000000 0.988345 0.000000 -0.152229 0.400000 0.400000 0.400000
5153.350586 0.000000 10557.934570 0.000000 0.987717 0.000000 -0.156251 0.400000 0.400000 0.400000
5132.044922 0.000000 10580.544922 0.000000 0.143958 0.000000 -0.989584 0.400000 0.400000 0.400000
5150.739746 0.000000 10569.757812 0.000000 0.307863 0.000000 0.951431 0.400000 0.400000 0.400000
5131.185547 0.000000 10588.011719 0.000000 0.670367 0.000000 -0.742030 0.400000 0.400000 0.400000
5142.661621 0.000000 10571.546875 0.000000 0.613355 0.000000 -0.789808 0.400000 0.400000 0.400000
5141.695801 0.000000 10579.572266 0.000000 0.717800 0.000000 0.696250 0.400000 0.400000 0.400000
5154.613770 0.000000 10561.924805 0.000000 0.932770 0.000000 0.360472 0.400000 0.400000 0.400000
5147.794434 0.000000 10572.631836 0.000000 0.728338 0.000000 0.685218 0.400000 0.400000 0.400000
5133.208984 0.000000 10584.532227 0.000000 0.908889 0.000000 0.417038 0.400000 0.400000 0.400000
5147.067383 0.000000 10564.857422 0.000000 0.438648 0.000000 -0.898659 0.400000 0.400000 0.400000
5141.097168 0.000000 10575.933594 0.000000 0.999333 0.000000 -0.036513 0.400000 0.400000 0.400000
5143.186523 0.000000 10566.629883 0.000000 0.316281 0.000000 0.948665 0.400000 0.400000 0.400000
5158.712891 0.000000 10562.141602 0.000000 0.291473 0.000000 -0.956579 0.400000 0.400000 0.400000
5231.547852 0.000000 10553.092773 0.000000 0.580096 0.000000 0.814548 0.400000 0.400000 0.400000
5179.904297 0.000000 10565.579102 0.000000 0.514147 0.000000 -0.857702 0.400000 0.400000 0.400000
5210.526855 0.000000 10547.666016 0.000000 0.658507 0.000000 -0.752574 0.400000 0.400000 0.400000
5195.328613 0.000000 10560.375000 0.000000 0.745657 0.000000 -0.666330 0.400000 0.400000 0.400000
5244.382324 0.000000 10563.310547 0.000000 0.308356 0.000000 0.951271 0.400000 0.400000 0.400000
5172.479004 0.000000 10554.518555 0.000000 0.148997 0.000000 0.988838 0.400000 0.400000 0.400000
5223.040039 0.000000 10562.565430 0.000000 0.909669 0.000000 -0.415335 0.400000 0.400000 0.400000
5156.552246 0.000000 10574.015625 0.000000 0.668477 0.000000 0.743733 0.400000 0.400000 0.400000
5245.572266 0.000000 10552.092773 0.000000 0.653506 0.000000 0.756921 0.400000 0.400000 0.400000
5184.569336 0.000000 10555.121094 0.000000 0.036726 0.000000 -0.999325 0.400000 0.400000 0.400000
5200.816406 0.000000 10551.589844 0.000000 0.980286 0.000000 -0.197584 0.400000 0.400000 0.400000
5167.914551 0.000000 10562.846680 0.000000 0.175738 0.000000 -0.984437 0.400000 0.400000 0.400000
5222.053223 0.000000 10552.440430 0.000000 0.844006 0.000000 0.536334 0.400000 0.400000 0.400000
5205.140625 0.000000 10559.001953 0.000000 0.020505 0.000000 -0.999790 0.400000 0.400000 0.400000
5163.513672 0.000000 10554.846680 0.000000 0.621346 0.000000 0.783536 0.400000 0.400000 0.400000
5238.868652 0.000000 10557.138672 0.000000 0.530313 0.000000 -0.847802 0.400000 0.400000 0.400000
5193.039551 0.000000 10552.940430 0.000000 0.989914 0.000000 0.141672 0.400000 0.400000 0.400000
5230.149414 0.000000 10560.158203 0.000000 0.643634 0.000000 0.765333 0.400000 0.400000 0.400000
5161.333496 0.000000 10568.722656 0.000000 0.987170 0.000000 0.159670 0.400000 0.400000 0.400000
5177.855469 0.000000 10558.835938 0.000000 0.667125 0.000000 0.744946 0.400000 0.400000 0.400000
5156.305664 0.000000 10556.007812 0.000000 0.657684 0.000000 0.753294 0.400000 0.400000 0.400000
5200.603516 0.000000 10563.723633 0.000000 0.908693 0.000000 0.417466 0.400000 0.400000 0.400000
5208.524902 0.000000 10553.764648 0.000000 0.228936 0.000000 0.973442 0.400000 0.400000 0.400000
5216.182129 0.000000 10550.250977 0.000000 0.912417 0.000000 -0.409262 0.400000 0.400000 0.400000
5173.707031 0.000000 10565.185547 0.000000 0.982192 0.000000 -0.187878 0.400000 0.400000 0.400000
5215.594727 0.000000 10562.872070 0.000000 0.396149 0.000000 -0.918186 0.400000 0.400000 0.400000
5247.092773 0.000000 10557.934570 0.000000 0.924830 0.000000 0.380381 0.400000 0.400000 0.400000
5237.242676 0.000000 10562.950195 0.000000 0.733488 0.000000 -0.679702 0.400000 0.400000 0.400000
5189.207520 0.000000 10558.665039 0.000000 0.223365 0.000000 -0.974735 0.400000 0.400000 0.400000
5226.269531 0.000000 10556.160156 0.000000 0.997798 0.000000 -0.066321 0.400000 0.400000 0.400000
5179.350586 0.000000 10552.882812 0.000000 0.670920 0.000000 0.741530 0.400000 0.400000 0.400000
5219.569824 0.000000 10558.272461 0.000000 0.958815 0.000000 -0.284032 0.400000 0.400000 0.400000
5199.893066 0.000000 10557.308594 0.000000 0.824496 0.000000 0.565868 0.400000 0.400000 0.400000
5210.318359 0.000000 10560.961914 0.000000 0.164481 0.000000 0.986380 0.400000 0.400000 0.400000
5167.811523 0.000000 10552.051758 0.000000 0.857335 0.000000 -0.514759 0.400000 0.400000 0.400000
5168.075195 0.000000 10557.189453 0.000000 0.278882 0.000000 0.960325 0.400000 0.400000 0.400000
5163.508301 0.000000 10560.168945 0.000000 0.910942 0.000000 -0.412535 0.400000 0.400000 0.400000
5166.563477 0.000000 10567.580078 0.000000 0.987098 0.000000 0.160119 0.400000 0.400000 0.400000
5234.120605 0.000000 10557.488281 0.000000 0.293327 0.000000 -0.956012 0.400000 0.400000 0.400000
5175.272949 0.000000 10550.563477 0.000000 0.732196 0.000000 -0.681094 0.400000 0.400000 0.400000
5188.283203 0.000000 10552.294922 0.000000 0.101886 0.000000 0.994796 0.400000 0.400000 0.400000
5163.042480 0.000000 10564.588867 0.000000 0.903855 0.000000 -0.427840 0.400000 0.400000 0.400000
5206.558594 0.000000 10563.323242 0.000000 0.488603 0.000000 0.872506 0.400000 0.400000 0.400000
5212.742676 0.000000 10552.607422 0.000000 0.859438 0.000000 -0.511241 0.400000 0.400000 0.400000
5218.078613 0.000000 10554.295898 0.000000 0.507431 0.000000 -0.861692 0.400000 0.400000 0.400000
5160.063477 0.000000 10557.732422 0.000000 0.994140 0.000000 -0.108103 0.400000 0.400000 0.400000
5180.993652 0.000000 10556.572266 0.000000 0.072628 0.000000 0.997359 0.400000 0.400000 0.400000
5210.345703 0.000000 10557.156250 0.000000 0.920202 0.000000 -0.391444 0.400000 0.400000 0.400000
5176.059082 0.000000 10555.454102 0.000000 0.575704 0.000000 -0.817659 0.400000 0.400000 0.400000
5155.944824 0.000000 10559.607422 0.000000 0.985824 0.000000 -0.167785 0.400000 0.400000 0.400000
5169.423340 0.000000 10560.180664 0.000000 0.912270 0.000000 -0.409589 0.400000 0.400000 0.400000
5145.047852 0.000000 10669.570312 0.000000 0.266303 0.000000 -0.963889 0.400000 0.400000 0.400000
5137.805664 0.000000 10646.834961 0.000000 0.489968 0.000000 -0.871740 0.400000 0.400000 0.400000
5111.571289 0.000000 10623.507812 0.000000 0.968008 0.000000 -0.250920 0.400000 0.400000 0.400000
5148.899902 0.000000 10631.831055 0.000000 0.939610 0.000000 0.342246 0.400000 0.400000 0.400000
5150.777344 0.000000 10681.828125 0.000000 0.635899 0.000000 -0.771773 0.400000 0.400000 0.400000
5150.640137 0.000000 10657.052734 0.000000 0.873060 0.000000 0.487613 0.400000 0.400000 0.400000
5129.297852 0.000000 10656.307617 0.000000 0.825851 0.000000 0.563888 0.400000 0.400000 0.400000
5134.966309 0.000000 10612.623047 0.000000 0.999507 0.000000 0.031382 0.400000 0.400000 0.400000
5129.661621 0.000000 10637.242188 0.000000 0.894232 0.000000 -0.447604 0.400000 0.400000 0.400000
5114.110840 0.000000 10609.199219 0.000000 0.991808 0.000000 -0.127735 0.400000 0.400000 0.400000
5120.564453 0.000000 10630.352539 0.000000 0.216082 0.000000 -0.976375 0.400000 0.400000 0.400000
5151.830078 0.000000 10645.834961 0.000000 0.978493 0.000000 -0.206281 0.400000 0.400000 0.400000
5131.730469 0.000000 10594.964844 0.000000 0.870903 0.000000 0.491456 0.400000 0.400000 0.400000
5143.189453 0.000000 10622.937500 0.000000 0.999891 0.000000 -0.014762 0.400000 0.400000 0.400000
5140.476074 0.000000 10637.148438 0.000000 0.705497 0.000000 -0.708713 0.400000 0.400000 0.400000
5128.311035 0.000000 10646.182617 0.000000 0.798894 0.000000 -0.601472 0.400000 0.400000 0.400000
5152.064453 0.000000 10623.378906 0.000000 0.133792 0.000000 0.991009 0.400000 0.400000 0.400000
5122.771973 0.000000 10595.907227 0.000000 0.903946 0.000000 -0.427648 0.400000 0.400000 0.400000
5153.145020 0.000000 10667.712891 0.000000 0.987620 0.000000 0.156864 0.400000 0.400000 0.400000
5145.126465 0.000000 10650.880859 0.000000 0.615403 0.000000 0.788213 0.400000 0.400000 0.400000
5143.603516 0.000000 10677.476562 0.000000 0.058079 0.000000 -0.998312 0.400000 0.400000 0.400000
5138.911621 0.000000 10629.647461 0.000000 0.926294 0.000000 0.376802 0.400000 0.400000 0.400000
5132.033691 0.000000 10602.528320 0.000000 0.059747 0.000000 -0.998214 0.400000 0.400000 0.400000
5132.310547 0.000000 10663.139648 0.000000 0.367669 0.000000 0.929957 0.400000 0.400000 0.400000
5148.185547 0.000000 10639.176758 0.000000 0.999800 0.000000 -0.019996 0.400000 0.400000 0.400000
5115.389648 0.000000 10616.851562 0.000000 0.287922 0.000000 -0.957654 0.400000 0.400000 0.400000
5136.407227 0.000000 10653.900391 0.000000 0.576993 0.000000 -0.816749 0.400000 0.400000 0.400000
5129.927734 0.000000 10617.848633 0.000000 0.942733 0.000000 -0.333548 0.400000 0.400000 0.400000
5127.175781 0.000000 10611.232422 0.000000 0.631528 0.000000 0.775353 0.400000 0.400000 0.400000
5113.241211 0.000000 10630.354492 0.000000 0.989371 0.000000 0.145413 0.400000 0.400000 0.400000
5151.028809 0.000000 10674.808594 0.000000 0.889215 0.000000 -0.457489 0.400000 0.400000 0.400000
5122.580566 0.000000 10637.069336 0.000000 0.931222 0.000000 -0.364452 0.400000 0.400000 0.400000
5146.115234 0.000000 10662.325195 0.000000 0.822502 0.000000 0.568763 0.400000 0.400000 0.400000
5120.581055 0.000000 10610.735352 0.000000 0.767795 0.000000 0.640696 0.400000 0.400000 0.400000
5144.032715 0.000000 10644.295898 0.000000 0.149634 0.000000 0.988741 0.400000 0.400000 0.400000
5155.248047 0.000000 10661.504883 0.000000 0.636377 0.000000 0.771378 0.400000 0.400000 0.400000
5134.820801 0.000000 10640.951172 0.000000 0.291690 0.000000 -0.956513 0.400000 0.400000 0.400000
5138.400879 0.000000 10666.850586 0.000000 0.486047 0.000000 0.873933 0.400000 0.400000 0.400000
5153.350586 0.000000 10651.676758 0.000000 0.843797 0.000000 0.536662 0.400000 0.400000 0.400000
5135.272949 0.000000 10634.269531 0.000000 0.827520 0.000000 -0.561436 0.400000 0.400000 0.400000
5143.500488 0.000000 10656.692383 0.000000 0.687567 0.000000 0.726121 0.400000 0.400000 0.400000
5141.290527 0.000000 10684.309570 0.000000 0.967310 0.000000 0.253596 0.400000 0.400000 0.400000
5109.606445 0.000000 10617.884766 0.000000 0.935829 0.000000 0.352456 0.400000 0.400000 0.400000
5132.527344 0.000000 10649.902344 0.000000 0.327902 0.000000 0.944712 0.400000 0.400000 0.400000
5127.629395 0.000000 10599.069336 0.000000 0.636202 0.000000 -0.771523 0.400000 0.400000 0.400000
5153.936035 0.000000 10628.710938 0.000000 0.448955 0.000000 0.893555 0.400000 0.400000 0.400000
5131.930176 0.000000 10608.032227 0.000000 0.377216 0.000000 -0.926125 0.400000 0.400000 0.400000
5147.365234 0.000000 10626.624023 0.000000 0.072722 0.000000 -0.997352 0.400000 0.400000 0.400000
5143.474609 0.000000 10632.799805 0.000000 0.919396 0.000000 -0.393332 0.400000 0.400000 0.400000
5119.813477 0.000000 10605.689453 0.000000 0.759416 0.000000 0.650605 0.400000 0.400000 0.400000
5152.820801 0.000000 10640.762695 0.000000 0.093479 0.000000 0.995621 0.400000 0.400000 0.400000
5139.529785 0.000000 10641.878906 0.000000 0.349816 0.000000 0.936818 0.400000 0.400000 0.400000
5134.887695 0.000000 10658.703125 0.000000 0.612727 0.000000 0.790294 0.400000 0.400000 0.400000
5150.739746 0.000000 10663.500000 0.000000 0.786217 0.000000 0.617950 0.400000 0.400000 0.400000
5140.378418 0.000000 10651.230469 0.000000 0.996104 0.000000 0.088191 0.400000 0.400000 0.400000
5117.068848 0.000000 10627.056641 0.000000 0.162835 0.000000 0.986653 0.400000 0.400000 0.400000
5132.979980 0.000000 10630.127930 0.000000 0.955944 0.000000 -0.293550 0.400000 0.400000 0.400000
5132.810059 0.000000 10645.070312 0.000000 0.983993 0.000000 -0.178209 0.400000 0.400000 0.400000
5142.661621 0.000000 10665.289062 0.000000 0.838308 0.000000 -0.545197 0.400000 0.400000 0.400000
5154.501953 0.000000 10678.509766 0.000000 0.673252 0.000000 -0.739413 0.400000 0.400000 0.400000
5154.356445 0.000000 10685.057617 0.000000 0.630960 0.000000 0.775816 0.400000 0.400000 0.400000
5149.446289 0.000000 10670.556641 0.000000 0.342876 0.000000 0.939381 0.400000 0.400000 0.400000
5149.327148 0.000000 10649.620117 0.000000 0.467104 0.000000 0.884202 0.400000 0.400000 0.400000
5146.540039 0.000000 10673.789062 0.000000 0.940588 0.000000 0.339549 0.400000 0.400000 0.400000
5133.281250 0.000000 10620.557617 0.000000 0.928667 0.000000 -0.370916 0.400000 0.400000 0.400000
5147.746582 0.000000 10678.508789 0.000000 0.996948 0.000000 -0.078073 0.400000 0.400000 0.400000
5143.677734 0.000000 10639.991211 0.000000 0.255185 0.000000 0.966892 0.400000 0.400000 0.400000
5116.837402 0.000000 10612.806641 0.000000 0.778522 0.000000 0.627617 0.400000 0.400000 0.400000
5126.028809 0.000000 10619.838867 0.000000 0.291093 0.000000 0.956695 0.400000 0.400000 0.400000
5147.794434 0.000000 10666.374023 0.000000 0.978941 0.000000 -0.204145 0.400000 0.400000 0.400000
5148.165039 0.000000 10643.601562 0.000000 0.622265 0.000000 -0.782806 0.400000 0.400000 0.400000
5147.537598 0.000000 10654.238281 0.000000 0.082399 0.000000 0.996599 0.400000 0.400000 0.400000
5121.120605 0.000000 10625.792969 0.000000 0.988472 0.000000 0.151402 0.400000 0.400000 0.400000
5124.279297 0.000000 10628.541016 0.000000 0.842060 0.000000 0.539384 0.400000 0.400000 0.400000
5126.471680 0.000000 10615.096680 0.000000 0.944515 0.000000 -0.328468 0.400000 0.400000 0.400000
5145.335449 0.000000 10636.251953 0.000000 0.858969 0.000000 -0.512027 0.400000 0.400000 0.400000
5123.937500 0.000000 10608.381836 0.000000 0.884789 0.000000 -0.465992 0.400000 0.400000 0.400000
5136.226562 0.000000 10663.344727 0.000000 0.324318 0.000000 -0.945948 0.400000 0.400000 0.400000
5147.067383 0.000000 10658.599609 0.000000 0.087019 0.000000 0.996207 0.400000 0.400000 0.400000
5150.392578 0.000000 10635.404297 0.000000 0.981558 0.000000 -0.191163 0.400000 0.400000 0.400000
5149.015137 0.000000 10685.349609 0.000000 0.738306 0.000000 0.674465 0.400000 0.400000 0.400000
5114.177246 0.000000 10620.507812 0.000000 0.694250 0.000000 0.719734 0.400000 0.400000 0.400000
5130.808105 0.000000 10633.406250 0.000000 0.997993 0.000000 -0.063331 0.400000 0.400000 0.400000
5139.027832 0.000000 10633.500000 0.000000 0.856882 0.000000 -0.515512 0.400000 0.400000 0.400000
5136.643555 0.000000 10637.766602 0.000000 0.875023 0.000000 -0.484082 0.400000 0.400000 0.400000
5146.065918 0.000000 10647.300781 0.000000 0.339527 0.000000 -0.940596 0.400000 0.400000 0.400000
5119.777832 0.000000 10614.923828 0.000000 0.728538 0.000000 -0.685005 0.400000 0.400000 0.400000
5123.075195 0.000000 10613.291992 0.000000 0.796939 0.000000 0.604060 0.400000 0.400000 0.400000
5155.373047 0.000000 10646.271484 0.000000 0.771787 0.000000 0.635882 0.400000 0.400000 0.400000
5151.929199 0.000000 10660.338867 0.000000 0.865658 0.000000 0.500636 0.400000 0.400000 0.400000
5148.833984 0.000000 10661.027344 0.000000 0.528966 0.000000 0.848643 0.400000 0.400000 0.400000
5151.612793 0.000000 10677.995117 0.000000 0.274610 0.000000 -0.961556 0.400000 0.400000 0.400000
5145.807129 0.000000 10641.998047 0.000000 0.950779 0.000000 -0.309870 0.400000 0.400000 0.400000
5148.379883 0.000000 10675.846680 0.000000 0.407395 0.000000 -0.913252 0.400000 0.400000 0.400000
5151.588379 0.000000 10672.150391 0.000000 0.986209 0.000000 0.165504 0.400000 0.400000 0.400000
5151.789062 0.000000 10684.323242 0.000000 0.784364 0.000000 -0.620301 0.400000 0.400000 0.400000
5153.608887 0.000000 10682.217773 0.000000 0.887550 0.000000 -0.460712 0.400000 0.400000 0.400000
5142.101562 0.000000 10642.383789 0.000000 0.980346 0.000000 0.197285 0.400000 0.400000 0.400000
5149.187500 0.000000 10673.169922 0.000000 0.657906 0.000000 -0.753100 0.400000 0.400000 0.400000
5148.234863 0.000000 10681.040039 0.000000 0.913149 0.000000 -0.407627 0.400000 0.400000 0.400000
5226.539551 0.000000 10625.019531 0.000000 0.150543 0.000000 0.988603 0.400000 0.400000 0.400000
5238.790039 0.000000 10669.570312 0.000000 0.390475 0.000000 -0.920613 0.400000 0.400000 0.400000
5189.474121 0.000000 10638.919922 0.000000 0.564381 0.000000 0.825515 0.400000 0.400000 0.400000
5197.370117 0.000000 10604.101562 0.000000 0.953447 0.000000 0.301561 0.400000 0.400000 0.400000
5210.322754 0.000000 10660.141602 0.000000 0.496844 0.000000 -0.867840 0.400000 0.400000 0.400000
5231.547852 0.000000 10646.834961 0.000000 0.636940 0.000000 -0.770913 0.400000 0.400000 0.400000
5167.782715 0.000000 10635.832031 0.000000 0.941066 0.000000 -0.338224 0.400000 0.400000 0.400000
5179.904297 0.000000 10659.321289 0.000000 0.804635 0.000000 0.593770 0.400000 0.400000 0.400000
5241.383789 0.000000 10612.681641 0.000000 0.482075 0.000000 -0.876130 0.400000 0.400000 0.400000
5242.642090 0.000000 10631.831055 0.000000 0.861320 0.000000 0.508062 0.400000 0.400000 0.400000
5195.328613 0.000000 10654.117188 0.000000 0.841245 0.000000 -0.540654 0.400000 0.400000 0.400000
5222.685547 0.000000 10669.718750 0.000000 0.384055 0.000000 0.923310 0.400000 0.400000 0.400000
5169.986816 0.000000 10607.881836 0.000000 0.365737 0.000000 -0.930718 0.400000 0.400000 0.400000
5244.382324 0.000000 10657.052734 0.000000 0.999948 0.000000 -0.010230 0.400000 0.400000 0.400000
5156.156250 0.000000 10629.319336 0.000000 0.989027 0.000000 -0.147736 0.400000 0.400000 0.400000
5156.864258 0.000000 10642.924805 0.000000 0.079713 0.000000 -0.996818 0.400000 0.400000 0.400000
5192.459961 0.000000 10625.588867 0.000000 0.788300 0.000000 0.615291 0.400000 0.400000 0.400000
5223.040039 0.000000 10656.307617 0.000000 0.648394 0.000000 0.761305 0.400000 0.400000 0.400000
5228.708496 0.000000 10612.623047 0.000000 0.774839 0.000000 0.632159 0.400000 0.400000 0.400000
5223.403809 0.000000 10637.242188 0.000000 0.957040 0.000000 0.289957 0.400000 0.400000 0.400000
5179.559570 0.000000 10631.823242 0.000000 0.919672 0.000000 -0.392687 0.400000 0.400000 0.400000
5168.706543 0.000000 10622.653320 0.000000 0.228850 0.000000 -0.973462 0.400000 0.400000 0.400000
5156.552246 0.000000 10667.757812 0.000000 0.113187 0.000000 -0.993574 0.400000 0.400000 0.400000
5201.130371 0.000000 10634.272461 0.000000 0.438870 0.000000 0.898551 0.400000 0.400000 0.400000
5207.853027 0.000000 10609.199219 0.000000 0.929279 0.000000 0.369378 0.400000 0.400000 0.400000
5245.572266 0.000000 10645.834961 0.000000 0.661168 0.000000 0.750238 0.400000 0.400000 0.400000
5184.569336 0.000000 10648.863281 0.000000 0.642354 0.000000 -0.766408 0.400000 0.400000 0.400000
5232.979004 0.000000 10660.729492 0.000000 0.474898 0.000000 0.880041 0.400000 0.400000 0.400000
5236.931641 0.000000 10622.937500 0.000000 0.905189 0.000000 0.425009 0.400000 0.400000 0.400000
5200.816406 0.000000 10645.332031 0.000000 0.524864 0.000000 -0.851186 0.400000 0.400000 0.400000
5243.220215 0.000000 10602.209961 0.000000 0.188015 0.000000 0.982166 0.400000 0.400000 0.400000
5200.791992 0.000000 10664.168945 0.000000 0.011299 0.000000 0.999936 0.400000 0.400000 0.400000
5233.287598 0.000000 10603.571289 0.000000 0.082686 0.000000 -0.996576 0.400000 0.400000 0.400000
5214.193848 0.000000 10650.650391 0.000000 0.315957 0.000000 0.948773 0.400000 0.400000 0.400000
5212.882324 0.000000 10669.621094 0.000000 0.398423 0.000000 -0.917202 0.400000 0.400000 0.400000
5178.647461 0.000000 10641.142578 0.000000 0.407307 0.000000 -0.913291 0.400000 0.400000 0.400000
5222.053223 0.000000 10646.182617 0.000000 0.927985 0.000000 0.372618 0.400000 0.400000 0.400000
5245.806641 0.000000 10623.378906 0.000000 0.900877 0.000000 -0.434074 0.400000 0.400000 0.400000
5155.967773 0.000000 10682.341797 0.000000 0.472186 0.000000 -0.881499 0.400000 0.400000 0.400000
5230.784668 0.000000 10672.810547 0.000000 0.892121 0.000000 0.451797 0.400000 0.400000 0.400000
5163.513672 0.000000 10648.588867 0.000000 0.999830 0.000000 -0.018442 0.400000 0.400000 0.400000
5246.887207 0.000000 10667.712891 0.000000 0.167531 0.000000 -0.985867 0.400000 0.400000 0.400000
5173.184082 0.000000 10615.475586 0.000000 0.976508 0.000000 -0.215482 0.400000 0.400000 0.400000
5188.143066 0.000000 10658.244141 0.000000 0.981558 0.000000 0.191166 0.400000 0.400000 0.400000
5218.233887 0.000000 10662.950195 0.000000 0.627556 0.000000 -0.778571 0.400000 0.400000 0.400000
5232.653809 0.000000 10629.647461 0.000000 0.334888 0.000000 0.942258 0.400000 0.400000 0.400000
5187.313477 0.000000 10631.349609 0.000000 0.918377 0.000000 -0.395706 0.400000 0.400000 0.400000
5193.039551 0.000000 10646.682617 0.000000 0.994884 0.000000 0.101025 0.400000 0.400000 0.400000
5163.672363 0.000000 10628.510742 0.000000 0.998026 0.000000 0.062797 0.400000 0.400000 0.400000
5177.405762 0.000000 10609.229492 0.000000 0.308696 0.000000 0.951161 0.400000 0.400000 0.400000
5175.830566 0.000000 10625.016602 0.000000 0.709462 0.000000 0.704744 0.400000 0.400000 0.400000
5165.467773 0.000000 10615.949219 0.000000 0.988325 0.000000 -0.152362 0.400000 0.400000 0.400000
5184.930664 0.000000 10624.338867 0.000000 0.453521 0.000000 -0.891246 0.400000 0.400000 0.400000
5226.052734 0.000000 10663.139648 0.000000 0.409879 0.000000 -0.912140 0.400000 0.400000 0.400000
5157.188965 0.000000 10675.105469 0.000000 0.791155 0.000000 0.611616 0.400000 0.400000 0.400000
5230.149414 0.000000 10653.900391 0.000000 0.289537 0.000000 -0.957167 0.400000 0.400000 0.400000
5220.917969 0.000000 10611.232422 0.000000 0.448180 0.000000 0.893943 0.400000 0.400000 0.400000
5194.141113 0.000000 10633.161133 0.000000 0.195639 0.000000 -0.980676 0.400000 0.400000 0.400000
5199.206543 0.000000 10627.526367 0.000000 0.018840 0.000000 0.999822 0.400000 0.400000 0.400000
5231.061035 0.000000 10619.113281 0.000000 0.826038 0.000000 0.563614 0.400000 0.400000 0.400000
5196.468750 0.000000 10639.800781 0.000000 0.761068 0.000000 0.648672 0.400000 0.400000 0.400000
5221.690430 0.000000 10630.492188 0.000000 0.978490 0.000000 -0.206294 0.400000 0.400000 0.400000
5216.322754 0.000000 10637.069336 0.000000 0.943847 0.000000 0.330383 0.400000 0.400000 0.400000
5239.857422 0.000000 10662.325195 0.000000 0.201249 0.000000 -0.979540 0.400000 0.400000 0.400000
5158.628906 0.000000 10622.965820 0.000000 0.433723 0.000000 0.901046 0.400000 0.400000 0.400000
5194.501953 0.000000 10661.025391 0.000000 0.920321 0.000000 0.391165 0.400000 0.400000 0.400000
5206.109863 0.000000 10668.539062 0.000000 0.973829 0.000000 0.227281 0.400000 0.400000 0.400000
5170.650879 0.000000 10629.168945 0.000000 0.691303 0.000000 -0.722565 0.400000 0.400000 0.400000
5191.853027 0.000000 10607.661133 0.000000 0.419217 0.000000 0.907886 0.400000 0.400000 0.400000
5156.305664 0.000000 10649.750000 0.000000 0.820852 0.000000 -0.571140 0.400000 0.400000 0.400000
5200.897949 0.000000 10609.466797 0.000000 0.351937 0.000000 -0.936024 0.400000 0.400000 0.400000
5184.886230 0.000000 10663.719727 0.000000 0.058258 0.000000 -0.998302 0.400000 0.400000 0.400000
5174.197754 0.000000 10635.627930 0.000000 0.821445 0.000000 0.570288 0.400000 0.400000 0.400000
5248.990234 0.000000 10661.504883 0.000000 0.282119 0.000000 0.959379 0.400000 0.400000 0.400000
5248.057617 0.000000 10636.017578 0.000000 0.144098 0.000000 -0.989563 0.400000 0.400000 0.400000
5200.603516 0.000000 10657.465820 0.000000 0.940168 0.000000 0.340710 0.400000 0.400000 0.400000
5197.458984 0.000000 10621.530273 0.000000 0.621835 0.000000 0.783148 0.400000 0.400000 0.400000
5182.985352 0.000000 10612.475586 0.000000 0.590631 0.000000 0.806942 0.400000 0.400000 0.400000
5208.524902 0.000000 10647.506836 0.000000 0.904400 0.000000 -0.426685 0.400000 0.400000 0.400000
5231.409668 0.000000 10597.678711 0.000000 0.643860 0.000000 -0.765143 0.400000 0.400000 0.400000
5189.550293 0.000000 10620.130859 0.000000 0.953397 0.000000 -0.301717 0.400000 0.400000 0.400000
5216.182129 0.000000 10643.993164 0.000000 0.916943 0.000000 0.399019 0.400000 0.400000 0.400000
5232.143066 0.000000 10666.850586 0.000000 0.926761 0.000000 -0.375652 0.400000 0.400000 0.400000
5236.512695 0.000000 10616.568359 0.000000 0.111109 0.000000 -0.993808 0.400000 0.400000 0.400000
5237.890625 0.000000 10599.734375 0.000000 0.548999 0.000000 -0.835823 0.400000 0.400000 0.400000
5238.854492 0.000000 10606.141602 0.000000 0.939506 0.000000 -0.342533 0.400000 0.400000 0.400000
5237.242676 0.000000 10656.692383 0.000000 0.938465 0.000000 -0.345373 0.400000 0.400000 0.400000
5189.207520 0.000000 10652.407227 0.000000 0.997690 0.000000 0.067931 0.400000 0.400000 0.400000
5183.227539 0.000000 10654.675781 0.000000 0.142846 0.000000 -0.989745 0.400000 0.400000 0.400000
5221.371582 0.000000 10599.069336 0.000000 0.819826 0.000000 0.572613 0.400000 0.400000 0.400000
5247.678223 0.000000 10628.710938 0.000000 0.876242 0.000000 -0.481872 0.400000 0.400000 0.400000
5225.672363 0.000000 10608.032227 0.000000 0.710014 0.000000 0.704188 0.400000 0.400000 0.400000
5241.107422 0.000000 10626.624023 0.000000 0.769786 0.000000 0.638301 0.400000 0.400000 0.400000
5205.220215 0.000000 10661.321289 0.000000 0.931374 0.000000 -0.364064 0.400000 0.400000 0.400000
5163.766113 0.000000 10621.304688 0.000000 0.055203 0.000000 -0.998475 0.400000 0.400000 0.400000
5184.932129 0.000000 10600.356445 0.000000 0.193857 0.000000 -0.981030 0.400000 0.400000 0.400000
5217.890137 0.000000 10668.206055 0.000000 0.500919 0.000000 0.865494 0.400000 0.400000 0.400000
5163.508301 0.000000 10653.911133 0.000000 0.660467 0.000000 0.750855 0.400000 0.400000 0.400000
5178.029785 0.000000 10614.333984 0.000000 0.544528 0.000000 -0.838743 0.400000 0.400000 0.400000
5212.542969 0.000000 10664.734375 0.000000 0.910892 0.000000 0.412645 0.400000 0.400000 0.400000
5174.732422 0.000000 10620.122070 0.000000 0.095340 0.000000 0.995445 0.400000 0.400000 0.400000
5204.562500 0.000000 10612.894531 0.000000 0.436063 0.000000 -0.899916 0.400000 0.400000 0.400000
5220.097656 0.000000 10641.121094 0.000000 0.627623 0.000000 -0.778517 0.400000 0.400000 0.400000
5169.070801 0.000000 10612.668945 0.000000 0.790894 0.000000 -0.611953 0.400000 0.400000 0.400000
5185.687988 0.000000 10617.239258 0.000000 0.580892 0.000000 0.813981 0.400000 0.400000 0.400000
5175.272949 0.000000 10644.305664 0.000000 0.872273 0.000000 0.489018 0.400000 0.400000 0.400000
5175.303711 0.000000 10629.670898 0.000000 0.669867 0.000000 -0.742481 0.400000 0.400000 0.400000
5205.521484 0.000000 10635.447266 0.000000 0.874777 0.000000 0.484525 0.400000 0.400000 0.400000
5236.403809 0.000000 10665.289062 0.000000 0.963679 0.000000 -0.267064 0.400000 0.400000 0.400000
5235.437988 0.000000 10673.314453 0.000000 0.649805 0.000000 0.760101 0.400000 0.400000 0.400000
5174.184082 0.000000 10606.058594 0.000000 0.333311 0.000000 0.942817 0.400000 0.400000 0.400000
5190.083008 0.000000 10662.303711 0.000000 0.799567 0.000000 0.600577 0.400000 0.400000 0.400000
5219.897949 0.000000 10634.441406 0.000000 0.889820 0.000000 -0.456311 0.400000 0.400000 0.400000
5222.116699 0.000000 10665.351562 0.000000 0.239946 0.000000 0.970786 0.400000 0.400000 0.400000
5173.323730 0.000000 10611.084961 0.000000 0.951683 0.000000 0.307081 0.400000 0.400000 0.400000
5179.904297 0.000000 10622.634766 0.000000 0.458269 0.000000 -0.888813 0.400000 0.400000 0.400000
5222.260742 0.000000 10660.935547 0.000000 0.537602 0.000000 0.843199 0.400000 0.400000 0.400000
5188.690430 0.000000 10604.756836 0.000000 0.426562 0.000000 0.904458 0.400000 0.400000 0.400000
5194.735352 0.000000 10665.322266 0.000000 0.114508 0.000000 -0.993422 0.400000 0.400000 0.400000
5195.151855 0.000000 10629.009766 0.000000 0.972523 0.000000 0.232806 0.400000 0.400000 0.400000
5232.653320 0.000000 10614.699219 0.000000 0.996598 0.000000 0.082411 0.400000 0.400000 0.400000
5192.278320 0.000000 10657.262695 0.000000 0.211152 0.000000 -0.977453 0.400000 0.400000 0.400000
5159.669922 0.000000 10627.033203 0.000000 0.324764 0.000000 0.945795 0.400000 0.400000 0.400000
5249.482422 0.000000 10624.624023 0.000000 0.976920 0.000000 -0.213608 0.400000 0.400000 0.400000
5229.756348 0.000000 10601.940430 0.000000 0.991946 0.000000 0.126663 0.400000 0.400000 0.400000
5222.435547 0.000000 10626.664062 0.000000 0.390514 0.000000 -0.920597 0.400000 0.400000 0.400000
5198.582031 0.000000 10660.860352 0.000000 0.630529 0.000000 0.776165 0.400000 0.400000 0.400000
5232.770020 0.000000 10633.500000 0.000000 0.767469 0.000000 0.641086 0.400000 0.400000 0.400000
5200.677734 0.000000 10605.624023 0.000000 0.468196 0.000000 -0.883625 0.400000 0.400000 0.400000
5191.878906 0.000000 10650.065430 0.000000 0.930955 0.000000 0.365134 0.400000 0.400000 0.400000
5195.380371 0.000000 10607.041992 0.000000 0.711892 0.000000 -0.702289 0.400000 0.400000 0.400000
5198.798828 0.000000 10654.450195 0.000000 0.915888 0.000000 -0.401434 0.400000 0.400000 0.400000
5211.392090 0.000000 10608.829102 0.000000 0.999369 0.000000 0.035528 0.400000 0.400000 0.400000
5208.856445 0.000000 10624.233398 0.000000 0.755510 0.000000 0.655138 0.400000 0.400000 0.400000
5210.347656 0.000000 10667.436523 0.000000 0.379479 0.000000 -0.925200 0.400000 0.400000 0.400000
5215.792969 0.000000 10665.563477 0.000000 0.758313 0.000000 0.651891 0.400000 0.400000 0.400000
5202.470703 0.000000 10654.782227 0.000000 0.351799 0.000000 0.936075 0.400000 0.400000 0.400000
5205.993652 0.000000 10615.787109 0.000000 0.730123 0.000000 0.683316 0.400000 0.400000 0.400000
5234.216797 0.000000 10600.502930 0.000000 0.768288 0.000000 0.640104 0.400000 0.400000 0.400000
5185.485352 0.000000 10652.021484 0.000000 0.250670 0.000000 0.968072 0.400000 0.400000 0.400000
5192.241699 0.000000 10653.256836 0.000000 0.482261 0.000000 -0.876028 0.400000 0.400000 0.400000
5225.200684 0.000000 10666.205078 0.000000 0.220195 0.000000 0.975456 0.400000 0.400000 0.400000
5242.975098 0.000000 10609.865234 0.000000 0.593587 0.000000 0.804770 0.400000 0.400000 0.400000
5157.219727 0.000000 10646.416016 0.000000 0.996787 0.000000 0.080104 0.400000 0.400000 0.400000
5230.634766 0.000000 10669.691406 0.000000 0.853802 0.000000 0.520598 0.400000 0.400000 0.400000
5203.663574 0.000000 10658.423828 0.000000 0.362899 0.000000 0.931828 0.400000 0.400000 0.400000
5220.803711 0.000000 10608.042969 0.000000 0.334144 0.000000 -0.942522 0.400000 0.400000 0.400000
5248.358887 0.000000 10643.291016 0.000000 0.712785 0.000000 -0.701383 0.400000 0.400000 0.400000
5177.618164 0.000000 10606.191406 0.000000 0.728721 0.000000 -0.684810 0.400000 0.400000 0.400000
5247.038086 0.000000 10648.668945 0.000000 0.958538 0.000000 0.284964 0.400000 0.400000 0.400000
5159.557617 0.000000 10648.505859 0.000000 0.299267 0.000000 -0.954170 0.400000 0.400000 0.400000
5217.788574 0.000000 10598.580078 0.000000 0.650807 0.000000 -0.759243 0.400000 0.400000 0.400000
5225.137695 0.000000 10627.735352 0.000000 0.940002 0.000000 -0.341168 0.400000 0.400000 0.400000
5169.603027 0.000000 10648.451172 0.000000 0.914506 0.000000 -0.404573 0.400000 0.400000 0.400000
5207.397461 0.000000 10612.137695 0.000000 0.926192 0.000000 -0.377053 0.400000 0.400000 0.400000
5212.960938 0.000000 10602.914062 0.000000 0.991591 0.000000 -0.129413 0.400000 0.400000 0.400000
5236.430176 0.000000 10635.408203 0.000000 0.911293 0.000000 -0.411758 0.400000 0.400000 0.400000
5249.450684 0.000000 10617.481445 0.000000 0.574383 0.000000 0.818587 0.400000 0.400000 0.400000
5234.683594 0.000000 10639.733398 0.000000 0.294075 0.000000 -0.955782 0.400000 0.400000 0.400000
5241.625488 0.000000 10635.750977 0.000000 0.466185 0.000000 -0.884687 0.400000 0.400000 0.400000
5205.923828 0.000000 10663.684570 0.000000 0.240585 0.000000 0.970628 0.400000 0.400000 0.400000
5142.722656 0.000000 10687.710938 0.000000 0.624188 0.000000 0.781274 0.400000 0.400000 0.400000
5149.478027 0.000000 10695.952148 0.000000 0.454891 0.000000 0.890547 0.400000 0.400000 0.400000
5152.383301 0.000000 10687.790039 0.000000 0.999530 0.000000 0.030669 0.400000 0.400000 0.400000
5153.279785 0.000000 10702.283203 0.000000 0.991993 0.000000 -0.126289 0.400000 0.400000 0.400000
5144.148438 0.000000 10693.476562 0.000000 0.402870 0.000000 0.915257 0.400000 0.400000 0.400000
5147.554199 0.000000 10689.096680 0.000000 0.335047 0.000000 -0.942201 0.400000 0.400000 0.400000
5152.853027 0.000000 10692.495117 0.000000 0.864094 0.000000 0.503330 0.400000 0.400000 0.400000
5152.039062 0.000000 10698.398438 0.000000 0.553770 0.000000 -0.832670 0.400000 0.400000 0.400000
5155.792969 0.000000 10700.107422 0.000000 0.870642 0.000000 0.491917 0.400000 0.400000 0.400000
5158.019043 0.000000 10709.843750 0.000000 0.734461 0.000000 -0.678651 0.400000 0.400000 0.400000
5180.814941 0.000000 10712.130859 0.000000 0.998772 0.000000 0.049552 0.400000 0.400000 0.400000
5241.383789 0.000000 10706.423828 0.000000 0.939896 0.000000 -0.341461 0.400000 0.400000 0.400000
5156.358398 0.000000 10691.439453 0.000000 0.706991 0.000000 -0.707222 0.400000 0.400000 0.400000
5216.670898 0.000000 10710.658203 0.000000 0.181522 0.000000 -0.983387 0.400000 0.400000 0.400000
5168.706543 0.000000 10716.395508 0.000000 0.921096 0.000000 -0.389336 0.400000 0.400000 0.400000
5207.853027 0.000000 10702.941406 0.000000 0.764465 0.000000 -0.644666 0.400000 0.400000 0.400000
5159.207520 0.000000 10700.476562 0.000000 0.837531 0.000000 -0.546390 0.400000 0.400000 0.400000
5165.467773 0.000000 10709.691406 0.000000 0.533904 0.000000 -0.845545 0.400000 0.400000 0.400000
5209.131836 0.000000 10710.593750 0.000000 0.726267 0.000000 0.687413 0.400000 0.400000 0.400000
5223.669922 0.000000 10711.590820 0.000000 0.610565 0.000000 -0.791966 0.400000 0.400000 0.400000
5220.917969 0.000000 10704.974609 0.000000 0.984743 0.000000 -0.174017 0.400000 0.400000 0.400000
5170.650879 0.000000 10722.911133 0.000000 0.996884 0.000000 -0.078875 0.400000 0.400000 0.400000
5247.041016 0.000000 10709.932617 0.000000 0.287057 0.000000 -0.957913 0.400000 0.400000 0.400000
5214.323242 0.000000 10704.477539 0.000000 0.899437 0.000000 0.437051 0.400000 0.400000 0.400000
5200.897949 0.000000 10703.208984 0.000000 0.371609 0.000000 -0.928389 0.400000 0.400000 0.400000
5234.883789 0.000000 10704.513672 0.000000 0.588659 0.000000 0.808381 0.400000 0.400000 0.400000
5182.985352 0.000000 10706.217773 0.000000 0.807225 0.000000 0.590245 0.400000 0.400000 0.400000
5236.512695 0.000000 10710.310547 0.000000 0.988323 0.000000 0.152372 0.400000 0.400000 0.400000
5241.529785 0.000000 10713.598633 0.000000 0.312782 0.000000 0.949825 0.400000 0.400000 0.400000
5163.766113 0.000000 10715.046875 0.000000 0.188135 0.000000 0.982143 0.400000 0.400000 0.400000
5155.840332 0.000000 10705.143555 0.000000 0.993303 0.000000 0.115542 0.400000 0.400000 0.400000
5178.029785 0.000000 10708.076172 0.000000 0.330023 0.000000 -0.943973 0.400000 0.400000 0.400000
5174.732422 0.000000 10713.864258 0.000000 0.728138 0.000000 -0.685430 0.400000 0.400000 0.400000
5204.562500 0.000000 10706.636719 0.000000 0.572772 0.000000 -0.819714 0.400000 0.400000 0.400000
5195.944336 0.000000 10704.666992 0.000000 0.082828 0.000000 -0.996564 0.400000 0.400000 0.400000
5230.766113 0.000000 10701.477539 0.000000 0.716654 0.000000 0.697429 0.400000 0.400000 0.400000
5185.687988 0.000000 10710.981445 0.000000 0.865647 0.000000 -0.500654 0.400000 0.400000 0.400000
5155.844727 0.000000 10696.666992 0.000000 0.817432 0.000000 -0.576026 0.400000 0.400000 0.400000
5160.421387 0.000000 10705.777344 0.000000 0.653340 0.000000 0.757065 0.400000 0.400000 0.400000
5173.323730 0.000000 10704.827148 0.000000 0.986401 0.000000 0.164354 0.400000 0.400000 0.400000
5249.112305 0.000000 10713.785156 0.000000 0.648487 0.000000 0.761226 0.400000 0.400000 0.400000
5232.653320 0.000000 10708.441406 0.000000 0.286796 0.000000 -0.957992 0.400000 0.400000 0.400000
5193.174316 0.000000 10707.762695 0.000000 0.697359 0.000000 -0.716722 0.400000 0.400000 0.400000
5220.213867 0.000000 10708.838867 0.000000 0.194087 0.000000 -0.980984 0.400000 0.400000 0.400000
5245.536621 0.000000 10713.228516 0.000000 0.863623 0.000000 -0.504139 0.400000 0.400000 0.400000
5201.364746 0.000000 10708.007812 0.000000 0.080578 0.000000 0.996748 0.400000 0.400000 0.400000
5163.919922 0.000000 10706.573242 0.000000 0.784148 0.000000 0.620573 0.400000 0.400000 0.400000
5177.360352 0.000000 10711.614258 0.000000 0.990318 0.000000 -0.138820 0.400000 0.400000 0.400000
5237.864258 0.000000 10707.224609 0.000000 0.841220 0.000000 0.540692 0.400000 0.400000 0.400000
5239.678711 0.000000 10710.870117 0.000000 0.993574 0.000000 0.113188 0.400000 0.400000 0.400000
5182.540527 0.000000 10709.431641 0.000000 0.024678 0.000000 -0.999695 0.400000 0.400000 0.400000
5231.738770 0.000000 10705.487305 0.000000 0.553448 0.000000 -0.832884 0.400000 0.400000 0.400000
5228.296387 0.000000 10703.377930 0.000000 0.918574 0.000000 -0.395249 0.400000 0.400000 0.400000
5199.230957 0.000000 10705.853516 0.000000 0.867970 0.000000 -0.496617 0.400000 0.400000 0.400000
5235.144043 0.000000 10707.172852 0.000000 0.721482 0.000000 -0.692433 0.400000 0.400000 0.400000
5252.455078 0.000000 10562.141602 0.000000 0.974763 0.000000 -0.223243 0.400000 0.400000 0.400000
5304.064941 0.000000 10566.399414 0.000000 0.186321 0.000000 0.982489 0.400000 0.400000 0.400000
5273.646484 0.000000 10565.579102 0.000000 0.801951 0.000000 0.597390 0.400000 0.400000 0.400000
5289.070801 0.000000 10560.375000 0.000000 0.989106 0.000000 -0.147208 0.400000 0.400000 0.400000
5316.427734 0.000000 10575.976562 0.000000 0.999992 0.000000 0.004044 0.400000 0.400000 0.400000
5323.334473 0.000000 10587.604492 0.000000 0.057927 0.000000 0.998321 0.400000 0.400000 0.400000
5250.606445 0.000000 10549.182617 0.000000 0.986468 0.000000 0.163953 0.400000 0.400000 0.400000
5284.238281 0.000000 10572.988281 0.000000 0.124755 0.000000 0.992188 0.400000 0.400000 0.400000
5278.311523 0.000000 10555.121094 0.000000 0.922390 0.000000 -0.386260 0.400000 0.400000 0.400000
5294.534180 0.000000 10570.426758 0.000000 0.999791 0.000000 0.020438 0.400000 0.400000 0.400000
5261.656738 0.000000 10562.846680 0.000000 0.900985 0.000000 0.433849 0.400000 0.400000 0.400000
5315.401367 0.000000 10584.424805 0.000000 0.584399 0.000000 0.811466 0.400000 0.400000 0.400000
5281.885254 0.000000 10564.501953 0.000000 0.870611 0.000000 0.491972 0.400000 0.400000 0.400000
5288.244141 0.000000 10567.283203 0.000000 0.390786 0.000000 -0.920481 0.400000 0.400000 0.400000
5271.597656 0.000000 10558.835938 0.000000 0.391475 0.000000 -0.920189 0.400000 0.400000 0.400000
5258.154785 0.000000 10548.128906 0.000000 0.548901 0.000000 -0.835887 0.400000 0.400000 0.400000
5299.852051 0.000000 10574.796875 0.000000 0.757428 0.000000 -0.652919 0.400000 0.400000 0.400000
5250.047852 0.000000 10556.007812 0.000000 0.684433 0.000000 0.729076 0.400000 0.400000 0.400000
5278.628418 0.000000 10569.977539 0.000000 0.397417 0.000000 -0.917638 0.400000 0.400000 0.400000
5290.470703 0.000000 10575.339844 0.000000 0.500598 0.000000 -0.865680 0.400000 0.400000 0.400000
5267.449219 0.000000 10565.185547 0.000000 0.448741 0.000000 -0.893662 0.400000 0.400000 0.400000
5314.710938 0.000000 10590.956055 0.000000 0.675254 0.000000 0.737586 0.400000 0.400000 0.400000
5311.022461 0.000000 10580.029297 0.000000 0.998173 0.000000 -0.060420 0.400000 0.400000 0.400000
5282.949707 0.000000 10558.665039 0.000000 0.285848 0.000000 0.958275 0.400000 0.400000 0.400000
5276.969727 0.000000 10560.933594 0.000000 0.593229 0.000000 -0.805034 0.400000 0.400000 0.400000
5261.817383 0.000000 10557.189453 0.000000 0.965524 0.000000 -0.260313 0.400000 0.400000 0.400000
5311.632324 0.000000 10574.463867 0.000000 0.034785 0.000000 -0.999395 0.400000 0.400000 0.400000
5257.250488 0.000000 10560.168945 0.000000 0.024549 0.000000 0.999699 0.400000 0.400000 0.400000
5260.305664 0.000000 10567.580078 0.000000 0.436012 0.000000 -0.899941 0.400000 0.400000 0.400000
5306.285156 0.000000 10570.992188 0.000000 0.277339 0.000000 -0.960772 0.400000 0.400000 0.400000
5309.507324 0.000000 10584.889648 0.000000 0.990950 0.000000 -0.134230 0.400000 0.400000 0.400000
5324.055664 0.000000 10592.688477 0.000000 0.637057 0.000000 0.770816 0.400000 0.400000 0.400000
5295.199219 0.000000 10575.590820 0.000000 0.980168 0.000000 0.198169 0.400000 0.400000 0.400000
5300.199219 0.000000 10579.849609 0.000000 0.325895 0.000000 0.945406 0.400000 0.400000 0.400000
5318.669922 0.000000 10588.011719 0.000000 0.996507 0.000000 -0.083512 0.400000 0.400000 0.400000
5256.784668 0.000000 10564.588867 0.000000 0.995433 0.000000 -0.095461 0.400000 0.400000 0.400000
5283.825195 0.000000 10568.561523 0.000000 0.548054 0.000000 -0.836443 0.400000 0.400000 0.400000
5254.043945 0.000000 10551.832031 0.000000 0.415066 0.000000 -0.909791 0.400000 0.400000 0.400000
5288.477539 0.000000 10571.580078 0.000000 0.760534 0.000000 0.649298 0.400000 0.400000 0.400000
5253.805664 0.000000 10557.732422 0.000000 0.693273 0.000000 0.720675 0.400000 0.400000 0.400000
5306.928711 0.000000 10579.987305 0.000000 0.730508 0.000000 0.682904 0.400000 0.400000 0.400000
5302.998047 0.000000 10576.867188 0.000000 0.592340 0.000000 0.805688 0.400000 0.400000 0.400000
5291.640137 0.000000 10572.322266 0.000000 0.507079 0.000000 0.861899 0.400000 0.400000 0.400000
5297.770996 0.000000 10577.535156 0.000000 0.351240 0.000000 -0.936285 0.400000 0.400000 0.400000
5283.216309 0.000000 10638.919922 0.000000 0.963678 0.000000 0.267068 0.400000 0.400000 0.400000
5291.112305 0.000000 10604.101562 0.000000 0.132885 0.000000 0.991131 0.400000 0.400000 0.400000
5252.455078 0.000000 10655.883789 0.000000 0.297103 0.000000 -0.954845 0.400000 0.400000 0.400000
5330.207031 0.000000 10593.968750 0.000000 0.567690 0.000000 -0.823243 0.400000 0.400000 0.400000
5304.064941 0.000000 10660.141602 0.000000 0.958280 0.000000 0.285831 0.400000 0.400000 0.400000
5274.557129 0.000000 10618.388672 0.000000 0.555500 0.000000 -0.831516 0.400000 0.400000 0.400000
5299.055664 0.000000 10623.507812 0.000000 0.619752 0.000000 -0.784798 0.400000 0.400000 0.400000
5335.125977 0.000000 10612.681641 0.000000 0.694189 0.000000 0.719792 0.400000 0.400000 0.400000
5336.384277 0.000000 10631.831055 0.000000 0.593897 0.000000 0.804541 0.400000 0.400000 0.400000
5263.729004 0.000000 10607.881836 0.000000 0.056989 0.000000 0.998375 0.400000 0.400000 0.400000
5338.124512 0.000000 10657.052734 0.000000 0.987517 0.000000 0.157510 0.400000 0.400000 0.400000
5266.221191 0.000000 10648.260742 0.000000 0.809642 0.000000 -0.586925 0.400000 0.400000 0.400000
5262.102539 0.000000 10665.928711 0.000000 0.003110 0.000000 -0.999995 0.400000 0.400000 0.400000
5278.325684 0.000000 10606.091797 0.000000 0.523401 0.000000 -0.852087 0.400000 0.400000 0.400000
5250.294434 0.000000 10667.757812 0.000000 0.887880 0.000000 0.460075 0.400000 0.400000 0.400000
5308.048828 0.000000 10630.352539 0.000000 0.615115 0.000000 0.788437 0.400000 0.400000 0.400000
5291.706055 0.000000 10615.302734 0.000000 0.288210 0.000000 -0.957567 0.400000 0.400000 0.400000
5339.314453 0.000000 10645.834961 0.000000 0.596806 0.000000 0.802386 0.400000 0.400000 0.400000
5326.721191 0.000000 10660.729492 0.000000 0.901083 0.000000 -0.433648 0.400000 0.400000 0.400000
5336.962402 0.000000 10602.209961 0.000000 0.997742 0.000000 0.067168 0.400000 0.400000 0.400000
5294.534180 0.000000 10664.168945 0.000000 0.311178 0.000000 0.950352 0.400000 0.400000 0.400000
5327.960449 0.000000 10637.148438 0.000000 0.363572 0.000000 0.931566 0.400000 0.400000 0.400000
5306.624512 0.000000 10669.621094 0.000000 0.508129 0.000000 0.861281 0.400000 0.400000 0.400000
5272.389648 0.000000 10641.142578 0.000000 0.988252 0.000000 0.152831 0.400000 0.400000 0.400000
5261.656738 0.000000 10656.588867 0.000000 0.959796 0.000000 -0.280700 0.400000 0.400000 0.400000
5282.850586 0.000000 10613.850586 0.000000 0.268194 0.000000 0.963365 0.400000 0.400000 0.400000
5339.548828 0.000000 10623.378906 0.000000 0.547329 0.000000 -0.836917 0.400000 0.400000 0.400000
5259.499512 0.000000 10599.739258 0.000000 0.374081 0.000000 -0.927396 0.400000 0.400000 0.400000
5276.049316 0.000000 10669.703125 0.000000 0.930206 0.000000 -0.367039 0.400000 0.400000 0.400000
5257.255859 0.000000 10648.588867 0.000000 0.952218 0.000000 0.305420 0.400000 0.400000 0.400000
5340.629395 0.000000 10667.712891 0.000000 0.796808 0.000000 0.604232 0.400000 0.400000 0.400000
5315.401367 0.000000 10678.166992 0.000000 0.078696 0.000000 -0.996899 0.400000 0.400000 0.400000
5266.926270 0.000000 10615.475586 0.000000 0.612399 0.000000 0.790549 0.400000 0.400000 0.400000
5311.976074 0.000000 10662.950195 0.000000 0.213735 0.000000 0.976892 0.400000 0.400000 0.400000
5331.087891 0.000000 10677.476562 0.000000 0.573569 0.000000 0.819157 0.400000 0.400000 0.400000
5326.395996 0.000000 10629.647461 0.000000 0.870341 0.000000 0.492450 0.400000 0.400000 0.400000
5271.147949 0.000000 10609.229492 0.000000 0.765802 0.000000 -0.643076 0.400000 0.400000 0.400000
5253.994629 0.000000 10636.057617 0.000000 0.048922 0.000000 -0.998803 0.400000 0.400000 0.400000
5269.572754 0.000000 10625.016602 0.000000 0.998296 0.000000 -0.058353 0.400000 0.400000 0.400000
5259.209961 0.000000 10615.949219 0.000000 0.662091 0.000000 0.749423 0.400000 0.400000 0.400000
5278.672852 0.000000 10624.338867 0.000000 0.372186 0.000000 -0.928158 0.400000 0.400000 0.400000
5319.794922 0.000000 10663.139648 0.000000 0.316455 0.000000 -0.948607 0.400000 0.400000 0.400000
5302.874023 0.000000 10616.851562 0.000000 0.995106 0.000000 0.098814 0.400000 0.400000 0.400000
5323.891602 0.000000 10653.900391 0.000000 0.970715 0.000000 0.240232 0.400000 0.400000 0.400000
5269.542480 0.000000 10665.989258 0.000000 0.975752 0.000000 -0.218878 0.400000 0.400000 0.400000
5255.075684 0.000000 10662.464844 0.000000 0.397430 0.000000 0.917633 0.400000 0.400000 0.400000
5262.343750 0.000000 10672.999023 0.000000 0.789136 0.000000 -0.614219 0.400000 0.400000 0.400000
5267.391113 0.000000 10601.549805 0.000000 0.992323 0.000000 0.123676 0.400000 0.400000 0.400000
5300.725586 0.000000 10630.354492 0.000000 0.391416 0.000000 0.920214 0.400000 0.400000 0.400000
5292.948730 0.000000 10627.526367 0.000000 0.451599 0.000000 0.892221 0.400000 0.400000 0.400000
5290.210938 0.000000 10639.800781 0.000000 0.999997 0.000000 -0.002240 0.400000 0.400000 0.400000
5315.432617 0.000000 10630.492188 0.000000 0.727982 0.000000 -0.685596 0.400000 0.400000 0.400000
5338.513184 0.000000 10674.808594 0.000000 0.798277 0.000000 0.602291 0.400000 0.400000 0.400000
5310.064941 0.000000 10637.069336 0.000000 0.977459 0.000000 -0.211123 0.400000 0.400000 0.400000
5333.599609 0.000000 10662.325195 0.000000 0.144043 0.000000 0.989571 0.400000 0.400000 0.400000
5252.371094 0.000000 10622.965820 0.000000 0.661156 0.000000 0.750249 0.400000 0.400000 0.400000
5288.244141 0.000000 10661.025391 0.000000 0.519738 0.000000 -0.854325 0.400000 0.400000 0.400000
5264.393066 0.000000 10629.168945 0.000000 0.124371 0.000000 0.992236 0.400000 0.400000 0.400000
5340.764160 0.000000 10608.541016 0.000000 0.581600 0.000000 -0.813475 0.400000 0.400000 0.400000
5285.595215 0.000000 10607.661133 0.000000 0.205823 0.000000 -0.978589 0.400000 0.400000 0.400000
5256.142578 0.000000 10670.647461 0.000000 0.841051 0.000000 -0.540956 0.400000 0.400000 0.400000
5250.047852 0.000000 10649.750000 0.000000 0.741183 0.000000 0.671303 0.400000 0.400000 0.400000
5305.770508 0.000000 10622.582031 0.000000 0.905069 0.000000 0.425264 0.400000 0.400000 0.400000
5331.517090 0.000000 10644.295898 0.000000 0.950583 0.000000 -0.310471 0.400000 0.400000 0.400000
5294.640137 0.000000 10609.466797 0.000000 0.834678 0.000000 -0.550739 0.400000 0.400000 0.400000
5278.628418 0.000000 10663.719727 0.000000 0.825875 0.000000 0.563853 0.400000 0.400000 0.400000
5298.076660 0.000000 10639.916992 0.000000 0.905594 0.000000 -0.424147 0.400000 0.400000 0.400000
5277.333008 0.000000 10636.753906 0.000000 0.488811 0.000000 -0.872389 0.400000 0.400000 0.400000
5322.305176 0.000000 10640.951172 0.000000 0.746504 0.000000 0.665381 0.400000 0.400000 0.400000
5341.799805 0.000000 10636.017578 0.000000 0.946660 0.000000 -0.322236 0.400000 0.400000 0.400000
5294.345703 0.000000 10657.465820 0.000000 0.114039 0.000000 0.993476 0.400000 0.400000 0.400000
5276.727539 0.000000 10612.475586 0.000000 0.010395 0.000000 -0.999946 0.400000 0.400000 0.400000
5267.449219 0.000000 10658.927734 0.000000 0.166000 0.000000 -0.986126 0.400000 0.400000 0.400000
5309.336914 0.000000 10656.614258 0.000000 0.005674 0.000000 -0.999984 0.400000 0.400000 0.400000
5314.710938 0.000000 10684.698242 0.000000 0.011303 0.000000 0.999936 0.400000 0.400000 0.400000
5311.022461 0.000000 10673.771484 0.000000 0.374782 0.000000 0.927113 0.400000 0.400000 0.400000
5331.632812 0.000000 10599.734375 0.000000 0.721623 0.000000 -0.692286 0.400000 0.400000 0.400000
5332.596680 0.000000 10606.141602 0.000000 0.750003 0.000000 0.661434 0.400000 0.400000 0.400000
5322.757324 0.000000 10634.269531 0.000000 0.983969 0.000000 -0.178340 0.400000 0.400000 0.400000
5330.984863 0.000000 10656.692383 0.000000 0.842203 0.000000 -0.539161 0.400000 0.400000 0.400000
5303.936523 0.000000 10635.342773 0.000000 0.824583 0.000000 0.565741 0.400000 0.400000 0.400000
5297.090820 0.000000 10617.884766 0.000000 0.457302 0.000000 0.889311 0.400000 0.400000 0.400000
5278.760254 0.000000 10642.859375 0.000000 0.998420 0.000000 0.056190 0.400000 0.400000 0.400000
5276.969727 0.000000 10654.675781 0.000000 0.487685 0.000000 -0.873019 0.400000 0.400000 0.400000
5320.011719 0.000000 10649.902344 0.000000 0.049732 0.000000 -0.998763 0.400000 0.400000 0.400000
5341.420410 0.000000 10628.710938 0.000000 0.672579 0.000000 0.740026 0.400000 0.400000 0.400000
5335.271973 0.000000 10619.856445 0.000000 0.378436 0.000000 -0.925627 0.400000 0.400000 0.400000
5254.273438 0.000000 10601.318359 0.000000 0.341454 0.000000 -0.939898 0.400000 0.400000 0.400000
5342.370605 0.000000 10602.966797 0.000000 0.784319 0.000000 -0.620358 0.400000 0.400000 0.400000
5273.375977 0.000000 10603.789062 0.000000 0.453040 0.000000 -0.891490 0.400000 0.400000 0.400000
5249.970215 0.000000 10660.573242 0.000000 0.993594 0.000000 -0.113006 0.400000 0.400000 0.400000
5304.060547 0.000000 10654.704102 0.000000 0.999273 0.000000 -0.038117 0.400000 0.400000 0.400000
5319.529297 0.000000 10674.287109 0.000000 0.900874 0.000000 -0.434080 0.400000 0.400000 0.400000
5330.958984 0.000000 10632.799805 0.000000 0.153929 0.000000 0.988082 0.400000 0.400000 0.400000
5298.962402 0.000000 10661.321289 0.000000 0.853511 0.000000 0.521074 0.400000 0.400000 0.400000
5267.197754 0.000000 10670.860352 0.000000 0.220760 0.000000 -0.975328 0.400000 0.400000 0.400000
5311.632324 0.000000 10668.206055 0.000000 0.674786 0.000000 -0.738014 0.400000 0.400000 0.400000
5321.198242 0.000000 10668.409180 0.000000 0.476159 0.000000 -0.879359 0.400000 0.400000 0.400000
5271.771973 0.000000 10614.333984 0.000000 0.645234 0.000000 -0.763985 0.400000 0.400000 0.400000
5306.285156 0.000000 10664.734375 0.000000 0.931494 0.000000 -0.363756 0.400000 0.400000 0.400000
5268.474609 0.000000 10620.122070 0.000000 0.170298 0.000000 -0.985393 0.400000 0.400000 0.400000
5274.258301 0.000000 10626.958008 0.000000 0.296881 0.000000 0.954915 0.400000 0.400000 0.400000
5327.014160 0.000000 10641.878906 0.000000 0.543609 0.000000 -0.839338 0.400000 0.400000 0.400000
5313.839844 0.000000 10641.121094 0.000000 0.602864 0.000000 -0.797844 0.400000 0.400000 0.400000
5289.686523 0.000000 10610.924805 0.000000 0.056244 0.000000 0.998417 0.400000 0.400000 0.400000
5322.372070 0.000000 10658.703125 0.000000 0.105044 0.000000 0.994468 0.400000 0.400000 0.400000
5287.785645 0.000000 10618.076172 0.000000 0.960416 0.000000 -0.278571 0.400000 0.400000 0.400000
5338.224121 0.000000 10663.500000 0.000000 0.326293 0.000000 -0.945269 0.400000 0.400000 0.400000
5327.862793 0.000000 10651.230469 0.000000 0.913618 0.000000 -0.406574 0.400000 0.400000 0.400000
5304.553223 0.000000 10627.056641 0.000000 0.612563 0.000000 0.790422 0.400000 0.400000 0.400000
5318.669922 0.000000 10681.753906 0.000000 0.994627 0.000000 -0.103524 0.400000 0.400000 0.400000
5326.270996 0.000000 10677.322266 0.000000 0.984380 0.000000 0.176056 0.400000 0.400000 0.400000
5320.294434 0.000000 10645.070312 0.000000 0.330280 0.000000 -0.943883 0.400000 0.400000 0.400000
5299.263672 0.000000 10635.447266 0.000000 0.021061 0.000000 0.999778 0.400000 0.400000 0.400000
5330.145996 0.000000 10665.289062 0.000000 0.240606 0.000000 -0.970623 0.400000 0.400000 0.400000
5329.180176 0.000000 10673.314453 0.000000 0.917086 0.000000 -0.398690 0.400000 0.400000 0.400000
5324.393066 0.000000 10593.169922 0.000000 0.370829 0.000000 -0.928701 0.400000 0.400000 0.400000
5281.468750 0.000000 10609.479492 0.000000 0.947854 0.000000 0.318705 0.400000 0.400000 0.400000
5253.736328 0.000000 10631.538086 0.000000 0.923536 0.000000 -0.383513 0.400000 0.400000 0.400000
5313.640137 0.000000 10634.441406 0.000000 0.388239 0.000000 -0.921559 0.400000 0.400000 0.400000
5315.858887 0.000000 10665.351562 0.000000 0.244043 0.000000 0.969765 0.400000 0.400000 0.400000
5272.272461 0.000000 10636.584961 0.000000 0.179015 0.000000 0.983846 0.400000 0.400000 0.400000
5336.930664 0.000000 10670.556641 0.000000 0.975212 0.000000 0.221274 0.400000 0.400000 0.400000
5263.156250 0.000000 10602.655273 0.000000 0.148404 0.000000 -0.988927 0.400000 0.400000 0.400000
5299.636230 0.000000 10644.000000 0.000000 0.959217 0.000000 -0.282670 0.400000 0.400000 0.400000
5300.300781 0.000000 10657.065430 0.000000 0.992297 0.000000 0.123885 0.400000 0.400000 0.400000
5316.002930 0.000000 10660.935547 0.000000 0.309643 0.000000 -0.950853 0.400000 0.400000 0.400000
5288.894043 0.000000 10629.009766 0.000000 0.999994 0.000000 0.003344 0.400000 0.400000 0.400000
5296.277344 0.000000 10630.189453 0.000000 0.999851 0.000000 0.017236 0.400000 0.400000 0.400000
5341.742188 0.000000 10671.860352 0.000000 0.988172 0.000000 0.153349 0.400000 0.400000 0.400000
5331.162109 0.000000 10639.991211 0.000000 0.973072 0.000000 -0.230500 0.400000 0.400000 0.400000
5306.484863 0.000000 10646.349609 0.000000 0.978140 0.000000 0.207946 0.400000 0.400000 0.400000
5311.820801 0.000000 10648.038086 0.000000 0.876903 0.000000 -0.480667 0.400000 0.400000 0.400000
5308.408691 0.000000 10660.728516 0.000000 0.907414 0.000000 -0.420238 0.400000 0.400000 0.400000
5254.247559 0.000000 10640.302734 0.000000 0.268524 0.000000 -0.963273 0.400000 0.400000 0.400000
5294.105469 0.000000 10641.118164 0.000000 0.609769 0.000000 0.792579 0.400000 0.400000 0.400000
5335.649414 0.000000 10643.601562 0.000000 0.244209 0.000000 0.969723 0.400000 0.400000 0.400000
5253.805664 0.000000 10651.474609 0.000000 0.956532 0.000000 0.291627 0.400000 0.400000 0.400000
5317.936035 0.000000 10641.356445 0.000000 0.366833 0.000000 0.930287 0.400000 0.400000 0.400000
5294.837891 0.000000 10623.414062 0.000000 0.984771 0.000000 -0.173857 0.400000 0.400000 0.400000
5289.512695 0.000000 10649.871094 0.000000 0.374303 0.000000 0.927307 0.400000 0.400000 0.400000
5283.474609 0.000000 10634.682617 0.000000 0.889145 0.000000 -0.457625 0.400000 0.400000 0.400000
5311.763672 0.000000 10628.541016 0.000000 0.815745 0.000000 -0.578412 0.400000 0.400000 0.400000
5253.412109 0.000000 10627.033203 0.000000 0.915199 0.000000 -0.403002 0.400000 0.400000 0.400000
5287.118652 0.000000 10637.240234 0.000000 0.810038 0.000000 -0.586378 0.400000 0.400000 0.400000
5286.916504 0.000000 10614.020508 0.000000 0.980604 0.000000 0.196000 0.400000 0.400000 0.400000
5315.083984 0.000000 10673.580078 0.000000 0.716437 0.000000 0.697652 0.400000 0.400000 0.400000
5320.693359 0.000000 10678.274414 0.000000 0.789951 0.000000 0.613170 0.400000 0.400000 0.400000
5285.049805 0.000000 10630.338867 0.000000 0.507247 0.000000 0.861801 0.400000 0.400000 0.400000
5332.819824 0.000000 10636.251953 0.000000 0.999587 0.000000 0.028747 0.400000 0.400000 0.400000
5258.067383 0.000000 10637.821289 0.000000 0.630298 0.000000 -0.776353 0.400000 0.400000 0.400000
5264.643066 0.000000 10633.102539 0.000000 0.536002 0.000000 -0.844217 0.400000 0.400000 0.400000
5313.016602 0.000000 10658.213867 0.000000 0.991255 0.000000 0.131959 0.400000 0.400000 0.400000
5323.710938 0.000000 10663.344727 0.000000 0.448057 0.000000 0.894005 0.400000 0.400000 0.400000
5292.113281 0.000000 10631.477539 0.000000 0.073070 0.000000 0.997327 0.400000 0.400000 0.400000
5301.647461 0.000000 10638.498047 0.000000 0.943595 0.000000 -0.331102 0.400000 0.400000 0.400000
5316.177734 0.000000 10626.664062 0.000000 0.945377 0.000000 0.325980 0.400000 0.400000 0.400000
5308.026367 0.000000 10640.346680 0.000000 0.320994 0.000000 -0.947081 0.400000 0.400000 0.400000
5327.013184 0.000000 10656.803711 0.000000 0.832432 0.000000 -0.554127 0.400000 0.400000 0.400000
5326.512207 0.000000 10633.500000 0.000000 0.610423 0.000000 0.792075 0.400000 0.400000 0.400000
5268.750000 0.000000 10639.700195 0.000000 0.630106 0.000000 0.776509 0.400000 0.400000 0.400000
5264.808594 0.000000 10637.716797 0.000000 0.989492 0.000000 0.144587 0.400000 0.400000 0.400000
5336.626465 0.000000 10616.222656 0.000000 0.999214 0.000000 -0.039631 0.400000 0.400000 0.400000
5320.143066 0.000000 10654.549805 0.000000 0.706737 0.000000 -0.707476 0.400000 0.400000 0.400000
5328.581543 0.000000 10669.675781 0.000000 0.615861 0.000000 0.787855 0.400000 0.400000 0.400000
5317.013672 0.000000 10652.472656 0.000000 0.517444 0.000000 -0.855717 0.400000 0.400000 0.400000
5324.127930 0.000000 10637.766602 0.000000 0.903767 0.000000 0.428025 0.400000 0.400000 0.400000
5339.278809 0.000000 10619.486328 0.000000 0.419806 0.000000 -0.907614 0.400000 0.400000 0.400000
5289.122559 0.000000 10607.041992 0.000000 0.965324 0.000000 -0.261054 0.400000 0.400000 0.400000
5295.106934 0.000000 10614.265625 0.000000 0.043759 0.000000 0.999042 0.400000 0.400000 0.400000
5292.541016 0.000000 10654.450195 0.000000 0.279367 0.000000 0.960184 0.400000 0.400000 0.400000
5295.251953 0.000000 10637.750000 0.000000 0.964214 0.000000 0.265125 0.400000 0.400000 0.400000
5320.600098 0.000000 10637.878906 0.000000 0.995403 0.000000 0.095771 0.400000 0.400000 0.400000
5323.733887 0.000000 10650.293945 0.000000 0.331713 0.000000 0.943380 0.400000 0.400000 0.400000
5284.846191 0.000000 10611.100586 0.000000 0.176533 0.000000 -0.984295 0.400000 0.400000 0.400000
5318.986328 0.000000 10658.979492 0.000000 0.897651 0.000000 -0.440708 0.400000 0.400000 0.400000
5310.166992 0.000000 10653.222656 0.000000 0.618332 0.000000 0.785917 0.400000 0.400000 0.400000
5323.072266 0.000000 10675.902344 0.000000 0.419233 0.000000 0.907879 0.400000 0.400000 0.400000
5296.212891 0.000000 10654.782227 0.000000 0.886384 0.000000 -0.462950 0.400000 0.400000 0.400000
5302.932129 0.000000 10644.371094 0.000000 0.908146 0.000000 0.418654 0.400000 0.400000 0.400000
5306.373535 0.000000 10657.905273 0.000000 0.952197 0.000000 0.305484 0.400000 0.400000 0.400000
5278.205078 0.000000 10609.346680 0.000000 0.271862 0.000000 -0.962336 0.400000 0.400000 0.400000
5276.282715 0.000000 10615.689453 0.000000 0.365276 0.000000 -0.930899 0.400000 0.400000 0.400000
5315.368164 0.000000 10649.612305 0.000000 0.382108 0.000000 0.924118 0.400000 0.400000 0.400000
5281.580078 0.000000 10649.484375 0.000000 0.715026 0.000000 -0.699098 0.400000 0.400000 0.400000
5301.017578 0.000000 10650.368164 0.000000 0.537464 0.000000 0.843287 0.400000 0.400000 0.400000
5313.068848 0.000000 10670.944336 0.000000 0.440241 0.000000 0.897880 0.400000 0.400000 0.400000
5306.948730 0.000000 10653.592773 0.000000 0.911415 0.000000 0.411489 0.400000 0.400000 0.400000
5255.001953 0.000000 10609.047852 0.000000 0.400321 0.000000 0.916375 0.400000 0.400000 0.400000
5312.826172 0.000000 10655.114258 0.000000 0.234037 0.000000 0.972228 0.400000 0.400000 0.400000
5271.360352 0.000000 10606.191406 0.000000 0.925163 0.000000 0.379571 0.400000 0.400000 0.400000
5257.326660 0.000000 10602.052734 0.000000 0.977743 0.000000 0.209806 0.400000 0.400000 0.400000
5265.091797 0.000000 10605.088867 0.000000 0.994299 0.000000 -0.106631 0.400000 0.400000 0.400000
5259.544434 0.000000 10623.572266 0.000000 0.993643 0.000000 0.112580 0.400000 0.400000 0.400000
5261.214355 0.000000 10610.039062 0.000000 0.692256 0.000000 -0.721652 0.400000 0.400000 0.400000
5303.109863 0.000000 10657.369141 0.000000 0.999282 0.000000 -0.037893 0.400000 0.400000 0.400000
5301.804688 0.000000 10653.098633 0.000000 0.351807 0.000000 0.936073 0.400000 0.400000 0.400000
5321.609375 0.000000 10652.266602 0.000000 0.967630 0.000000 0.252374 0.400000 0.400000 0.400000
5310.840332 0.000000 10650.578125 0.000000 0.446303 0.000000 0.894882 0.400000 0.400000 0.400000
5270.471191 0.000000 10646.653320 0.000000 0.996005 0.000000 -0.089297 0.400000 0.400000 0.400000
5281.881348 0.000000 10616.395508 0.000000 0.904319 0.000000 0.426857 0.400000 0.400000 0.400000
5252.594727 0.000000 10638.242188 0.000000 0.678933 0.000000 -0.734200 0.400000 0.400000 0.400000
5263.554199 0.000000 10626.755859 0.000000 0.884245 0.000000 0.467023 0.400000 0.400000 0.400000
5255.481934 0.000000 10638.084961 0.000000 0.415585 0.000000 0.909554 0.400000 0.400000 0.400000
5259.904297 0.000000 10628.662109 0.000000 0.078876 0.000000 0.996884 0.400000 0.400000 0.400000
5345.503418 0.000000 10616.101562 0.000000 0.924133 0.000000 -0.382072 0.400000 0.400000 0.400000
5346.197266 0.000000 10655.883789 0.000000 0.823264 0.000000 0.567658 0.400000 0.400000 0.400000
5343.640625 0.000000 10629.319336 0.000000 0.893737 0.000000 -0.448591 0.400000 0.400000 0.400000
5344.348633 0.000000 10642.924805 0.000000 0.373491 0.000000 -0.927634 0.400000 0.400000 0.400000
5344.036621 0.000000 10667.757812 0.000000 0.988731 0.000000 -0.149705 0.400000 0.400000 0.400000
5355.398926 0.000000 10656.588867 0.000000 0.776065 0.000000 -0.630652 0.400000 0.400000 0.400000
5347.736816 0.000000 10636.057617 0.000000 0.827517 0.000000 -0.561441 0.400000 0.400000 0.400000
5348.817871 0.000000 10662.464844 0.000000 0.776994 0.000000 -0.629508 0.400000 0.400000 0.400000
5343.790039 0.000000 10649.750000 0.000000 0.849882 0.000000 0.526973 0.400000 0.400000 0.400000
5343.339355 0.000000 10634.366211 0.000000 0.198140 0.000000 0.980174 0.400000 0.400000 0.400000
5343.329102 0.000000 10602.924805 0.000000 0.225128 0.000000 0.974329 0.400000 0.400000 0.400000
5350.526855 0.000000 10658.331055 0.000000 0.840392 0.000000 -0.541979 0.400000 0.400000 0.400000
5345.466309 0.000000 10664.202148 0.000000 0.974023 0.000000 0.226451 0.400000 0.400000 0.400000
5346.993164 0.000000 10659.468750 0.000000 0.895288 0.000000 0.445488 0.400000 0.400000 0.400000
5251.761230 0.000000 10709.843750 0.000000 0.754419 0.000000 0.656393 0.400000 0.400000 0.400000
5274.557129 0.000000 10712.130859 0.000000 0.766901 0.000000 0.641766 0.400000 0.400000 0.400000
5262.448730 0.000000 10716.395508 0.000000 0.996082 0.000000 -0.088435 0.400000 0.400000 0.400000
5291.706055 0.000000 10709.044922 0.000000 0.259068 0.000000 0.965859 0.400000 0.400000 0.400000
5319.214844 0.000000 10688.707031 0.000000 0.141561 0.000000 -0.989930 0.400000 0.400000 0.400000
5282.850586 0.000000 10707.592773 0.000000 0.196478 0.000000 0.980508 0.400000 0.400000 0.400000
5304.385254 0.000000 10695.029297 0.000000 0.904036 0.000000 0.427457 0.400000 0.400000 0.400000
5252.371094 0.000000 10716.708008 0.000000 0.112265 0.000000 0.993678 0.400000 0.400000 0.400000
5294.640137 0.000000 10703.208984 0.000000 0.783569 0.000000 -0.621305 0.400000 0.400000 0.400000
5325.151855 0.000000 10691.420898 0.000000 0.985169 0.000000 -0.171584 0.400000 0.400000 0.400000
5283.292480 0.000000 10713.873047 0.000000 0.605194 0.000000 0.796078 0.400000 0.400000 0.400000
5315.113770 0.000000 10692.811523 0.000000 0.753910 0.000000 0.656978 0.400000 0.400000 0.400000
5309.251465 0.000000 10694.499023 0.000000 0.824722 0.000000 -0.565538 0.400000 0.400000 0.400000
5314.458008 0.000000 10686.713867 0.000000 0.550894 0.000000 -0.834575 0.400000 0.400000 0.400000
5289.686523 0.000000 10704.666992 0.000000 0.832153 0.000000 -0.554546 0.400000 0.400000 0.400000
5287.785645 0.000000 10711.818359 0.000000 0.013870 0.000000 0.999904 0.400000 0.400000 0.400000
5279.430176 0.000000 10710.981445 0.000000 0.551273 0.000000 0.834325 0.400000 0.400000 0.400000
5302.254883 0.000000 10698.806641 0.000000 0.936252 0.000000 0.351329 0.400000 0.400000 0.400000
5320.941895 0.000000 10692.477539 0.000000 0.378266 0.000000 -0.925697 0.400000 0.400000 0.400000
5284.846191 0.000000 10704.842773 0.000000 0.977204 0.000000 0.212301 0.400000 0.400000 0.400000
5265.751953 0.000000 10715.796875 0.000000 0.786385 0.000000 -0.617737 0.400000 0.400000 0.400000
5322.394043 0.000000 10689.505859 0.000000 0.845027 0.000000 0.534723 0.400000 0.400000 0.400000
5292.973145 0.000000 10705.853516 0.000000 0.686341 0.000000 0.727279 0.400000 0.400000 0.400000
5259.544434 0.000000 10717.314453 0.000000 0.214498 0.000000 -0.976725 0.400000 0.400000 0.400000
5311.530762 0.000000 10692.322266 0.000000 0.997259 0.000000 -0.073991 0.400000 0.400000 0.400000
5295.961914 0.000000 10705.471680 0.000000 0.155830 0.000000 0.987784 0.400000 0.400000 0.400000
9406.293945 0.000000 7122.539062 0.000000 0.993203 0.000000 -0.116393 0.400000 0.400000 0.400000
9411.919922 0.000000 7122.427246 0.000000 0.192437 0.000000 0.981309 0.400000 0.400000 0.400000
9372.713867 0.000000 7167.556641 0.000000 0.362250 0.000000 0.932081 0.400000 0.400000 0.400000
9211.728516 0.000000 7243.670410 0.000000 0.706136 0.000000 -0.708076 0.400000 0.400000 0.400000
9196.381836 0.000000 7241.229980 0.000000 0.458782 0.000000 -0.888549 0.400000 0.400000 0.400000
9215.844727 0.000000 7249.620117 0.000000 0.400950 0.000000 0.916100 0.400000 0.400000 0.400000
9199.984375 0.000000 7237.950195 0.000000 0.738371 0.000000 0.674395 0.400000 0.400000 0.400000
9200.363281 0.000000 7243.445801 0.000000 0.794188 0.000000 0.607673 0.400000 0.400000 0.400000
9202.874023 0.000000 7250.764160 0.000000 0.525043 0.000000 -0.851076 0.400000 0.400000 0.400000
9201.086914 0.000000 7240.639160 0.000000 0.806135 0.000000 0.591732 0.400000 0.400000 0.400000
9405.817383 0.000000 7124.930176 0.000000 0.841201 0.000000 0.540722 0.400000 0.400000 0.400000
9378.650391 0.000000 7167.597168 0.000000 0.038690 0.000000 0.999251 0.400000 0.400000 0.400000
9411.724609 0.000000 7124.605469 0.000000 0.721575 0.000000 0.692337 0.400000 0.400000 0.400000
9433.908203 0.000000 7132.295410 0.000000 0.587824 0.000000 0.808989 0.400000 0.400000 0.400000
9374.253906 0.000000 7165.904785 0.000000 0.606223 0.000000 0.795295 0.400000 0.400000 0.400000
9430.125000 0.000000 7128.317383 0.000000 0.232924 0.000000 0.972495 0.400000 0.400000 0.400000
9426.911133 0.000000 7136.604004 0.000000 0.953789 0.000000 -0.300477 0.400000 0.400000 0.400000
9431.359375 0.000000 7134.452637 0.000000 0.454564 0.000000 0.890714 0.400000 0.400000 0.400000
9429.414062 0.000000 7137.794434 0.000000 0.935295 0.000000 0.353870 0.400000 0.400000 0.400000
9428.449219 0.000000 7130.178223 0.000000 0.875941 0.000000 0.482418 0.400000 0.400000 0.400000
"}
