object={
	name="amb_3D_desert_emitter"
	render_pass=Map
	clamp_to_water_level=no
	generated_content=no
	layer="building_layer"
	entity="map_ambient_3D_desert"
	count=188
	transform="4502.864258 0.000000 412.265625 0.000000 0.000000 0.000000 1.000000 1.000000 1.000000 1.000000
220.487778 0.000000 726.859375 0.000000 0.000000 0.000000 1.000000 1.000000 1.000000 1.000000
392.847412 0.000000 670.562988 0.000000 0.000000 0.000000 1.000000 1.000000 1.000000 1.000000
576.211487 0.000000 718.023987 0.000000 0.000000 0.000000 1.000000 1.000000 1.000000 1.000000
779.557007 0.000000 693.463013 0.000000 0.000000 0.000000 1.000000 1.000000 1.000000 1.000000
1003.807495 0.000000 694.204834 0.000000 0.000000 0.000000 1.000000 1.000000 1.000000 1.000000
1250.975952 0.000000 675.295715 0.000000 0.000000 0.000000 1.000000 1.000000 1.000000 1.000000
1500.407593 0.000000 607.811768 0.000000 0.000000 0.000000 1.000000 1.000000 1.000000 1.000000
1746.114502 0.000000 528.022705 0.000000 0.000000 0.000000 1.000000 1.000000 1.000000 1.000000
1958.525757 0.000000 574.321472 0.000000 0.000000 0.000000 1.000000 1.000000 1.000000 1.000000
2197.037109 0.000000 529.284668 0.000000 0.000000 0.000000 1.000000 1.000000 1.000000 1.000000
2447.652100 0.000000 621.342407 0.000000 0.000000 0.000000 1.000000 1.000000 1.000000 1.000000
2679.200684 0.000000 677.697510 0.000000 0.000000 0.000000 1.000000 1.000000 1.000000 1.000000
2949.817871 0.000000 621.617126 0.000000 0.000000 0.000000 1.000000 1.000000 1.000000 1.000000
3287.066162 0.000000 484.672180 0.000000 0.000000 0.000000 1.000000 1.000000 1.000000 1.000000
3531.812012 0.000000 281.206726 0.000000 0.000000 0.000000 1.000000 1.000000 1.000000 1.000000
3352.577637 0.000000 135.012833 0.000000 0.000000 0.000000 1.000000 1.000000 1.000000 1.000000
223.321609 0.000000 838.588684 0.000000 0.000000 0.000000 1.000000 1.000000 1.000000 1.000000
229.320236 0.000000 948.037476 0.000000 0.000000 0.000000 1.000000 1.000000 1.000000 1.000000
307.409912 0.000000 1059.383301 0.000000 0.000000 0.000000 1.000000 1.000000 1.000000 1.000000
488.003448 0.000000 915.182251 0.000000 0.000000 0.000000 1.000000 1.000000 1.000000 1.000000
653.557617 0.000000 839.074036 0.000000 0.000000 0.000000 1.000000 1.000000 1.000000 1.000000
653.548157 0.000000 947.838989 0.000000 0.000000 0.000000 1.000000 1.000000 1.000000 1.000000
551.917114 0.000000 1067.900146 0.000000 0.000000 0.000000 1.000000 1.000000 1.000000 1.000000
660.897705 0.000000 1111.363281 0.000000 0.000000 0.000000 1.000000 1.000000 1.000000 1.000000
769.778381 0.000000 1180.431030 0.000000 0.000000 0.000000 1.000000 1.000000 1.000000 1.000000
604.309875 0.000000 1214.268066 0.000000 0.000000 0.000000 1.000000 1.000000 1.000000 1.000000
826.914795 0.000000 1026.684448 0.000000 0.000000 0.000000 1.000000 1.000000 1.000000 1.000000
798.677490 0.000000 894.102966 0.000000 0.000000 0.000000 1.000000 1.000000 1.000000 1.000000
954.729614 0.000000 854.028992 0.000000 0.000000 0.000000 1.000000 1.000000 1.000000 1.000000
1107.437256 0.000000 795.645752 0.000000 0.000000 0.000000 1.000000 1.000000 1.000000 1.000000
1259.708374 0.000000 816.514648 0.000000 0.000000 0.000000 1.000000 1.000000 1.000000 1.000000
1363.996582 0.000000 906.217285 0.000000 0.000000 0.000000 1.000000 1.000000 1.000000 1.000000
1501.269653 0.000000 878.521423 0.000000 0.000000 0.000000 1.000000 1.000000 1.000000 1.000000
1434.684082 0.000000 738.236328 0.000000 0.000000 0.000000 1.000000 1.000000 1.000000 1.000000
1640.828247 0.000000 883.805664 0.000000 0.000000 0.000000 1.000000 1.000000 1.000000 1.000000
1607.951538 0.000000 722.533752 0.000000 0.000000 0.000000 1.000000 1.000000 1.000000 1.000000
1728.416870 0.000000 740.290100 0.000000 0.000000 0.000000 1.000000 1.000000 1.000000 1.000000
1856.219727 0.000000 737.950439 0.000000 0.000000 0.000000 1.000000 1.000000 1.000000 1.000000
1861.004150 0.000000 867.249390 0.000000 0.000000 0.000000 1.000000 1.000000 1.000000 1.000000
1782.756592 0.000000 1006.624084 0.000000 0.000000 0.000000 1.000000 1.000000 1.000000 1.000000
1865.663818 0.000000 1132.483154 0.000000 0.000000 0.000000 1.000000 1.000000 1.000000 1.000000
1652.708740 0.000000 1129.318604 0.000000 0.000000 0.000000 1.000000 1.000000 1.000000 1.000000
1587.499390 0.000000 991.375610 0.000000 0.000000 0.000000 1.000000 1.000000 1.000000 1.000000
1446.809814 0.000000 1105.507568 0.000000 0.000000 0.000000 1.000000 1.000000 1.000000 1.000000
1276.226196 0.000000 1148.551880 0.000000 0.000000 0.000000 1.000000 1.000000 1.000000 1.000000
1204.826050 0.000000 1012.249023 0.000000 0.000000 0.000000 1.000000 1.000000 1.000000 1.000000
1422.083740 0.000000 1272.041626 0.000000 0.000000 0.000000 1.000000 1.000000 1.000000 1.000000
1596.864258 0.000000 1272.841919 0.000000 0.000000 0.000000 1.000000 1.000000 1.000000 1.000000
1760.587158 0.000000 1292.270264 0.000000 0.000000 0.000000 1.000000 1.000000 1.000000 1.000000
2004.554932 0.000000 1223.871094 0.000000 0.000000 0.000000 1.000000 1.000000 1.000000 1.000000
2061.267090 0.000000 1055.074585 0.000000 0.000000 0.000000 1.000000 1.000000 1.000000 1.000000
2004.465942 0.000000 913.939148 0.000000 0.000000 0.000000 1.000000 1.000000 1.000000 1.000000
2164.168701 0.000000 908.516296 0.000000 0.000000 0.000000 1.000000 1.000000 1.000000 1.000000
2235.964844 0.000000 1045.462402 0.000000 0.000000 0.000000 1.000000 1.000000 1.000000 1.000000
2217.305176 0.000000 1189.205444 0.000000 0.000000 0.000000 1.000000 1.000000 1.000000 1.000000
2410.172119 0.000000 1138.997437 0.000000 0.000000 0.000000 1.000000 1.000000 1.000000 1.000000
2419.612549 0.000000 981.294128 0.000000 0.000000 0.000000 1.000000 1.000000 1.000000 1.000000
2553.179443 0.000000 1036.325317 0.000000 0.000000 0.000000 1.000000 1.000000 1.000000 1.000000
2685.477051 0.000000 1137.332642 0.000000 0.000000 0.000000 1.000000 1.000000 1.000000 1.000000
2546.480469 0.000000 1225.257812 0.000000 0.000000 0.000000 1.000000 1.000000 1.000000 1.000000
2408.085205 0.000000 1271.820435 0.000000 0.000000 0.000000 1.000000 1.000000 1.000000 1.000000
2272.803467 0.000000 1331.043945 0.000000 0.000000 0.000000 1.000000 1.000000 1.000000 1.000000
2540.679443 0.000000 823.238525 0.000000 0.000000 0.000000 1.000000 1.000000 1.000000 1.000000
2678.023926 0.000000 874.787048 0.000000 0.000000 0.000000 1.000000 1.000000 1.000000 1.000000
2741.997314 0.000000 993.446838 0.000000 0.000000 0.000000 1.000000 1.000000 1.000000 1.000000
2391.385254 0.000000 844.261108 0.000000 0.000000 0.000000 1.000000 1.000000 1.000000 1.000000
2251.828369 0.000000 698.391357 0.000000 0.000000 0.000000 1.000000 1.000000 1.000000 1.000000
2067.361328 0.000000 725.019775 0.000000 0.000000 0.000000 1.000000 1.000000 1.000000 1.000000
1630.394165 0.000000 598.197449 0.000000 0.000000 0.000000 1.000000 1.000000 1.000000 1.000000
1329.226929 0.000000 540.018555 0.000000 0.000000 0.000000 1.000000 1.000000 1.000000 1.000000
361.192169 0.000000 1189.768066 0.000000 0.000000 0.000000 1.000000 1.000000 1.000000 1.000000
1028.890747 0.000000 1041.277344 0.000000 0.000000 0.000000 1.000000 1.000000 1.000000 1.000000
1230.380615 0.000000 1308.620361 0.000000 0.000000 0.000000 1.000000 1.000000 1.000000 1.000000
1041.866211 0.000000 1299.805176 0.000000 0.000000 0.000000 1.000000 1.000000 1.000000 1.000000
820.289062 0.000000 1334.652954 0.000000 0.000000 0.000000 1.000000 1.000000 1.000000 1.000000
953.456726 0.000000 1469.167236 0.000000 0.000000 0.000000 1.000000 1.000000 1.000000 1.000000
1195.697021 0.000000 1523.383423 0.000000 0.000000 0.000000 1.000000 1.000000 1.000000 1.000000
1408.931396 0.000000 1467.159912 0.000000 0.000000 0.000000 1.000000 1.000000 1.000000 1.000000
3679.205811 0.000000 360.799805 0.000000 0.000000 0.000000 1.000000 1.000000 1.000000 1.000000
3123.941895 0.000000 79.315643 0.000000 0.000000 0.000000 1.000000 1.000000 1.000000 1.000000
3503.588135 0.000000 651.125366 0.000000 0.000000 0.000000 1.000000 1.000000 1.000000 1.000000
3720.477295 0.000000 802.255188 0.000000 0.000000 0.000000 1.000000 1.000000 1.000000 1.000000
3963.287109 0.000000 844.712402 0.000000 0.000000 0.000000 1.000000 1.000000 1.000000 1.000000
4058.458252 0.000000 988.236450 0.000000 0.000000 0.000000 1.000000 1.000000 1.000000 1.000000
3914.185547 0.000000 1076.473877 0.000000 0.000000 0.000000 1.000000 1.000000 1.000000 1.000000
3678.259521 0.000000 1068.175903 0.000000 0.000000 0.000000 1.000000 1.000000 1.000000 1.000000
3596.396729 0.000000 1196.903931 0.000000 0.000000 0.000000 1.000000 1.000000 1.000000 1.000000
3437.357422 0.000000 1361.798462 0.000000 0.000000 0.000000 1.000000 1.000000 1.000000 1.000000
3482.408691 0.000000 1232.785767 0.000000 0.000000 0.000000 1.000000 1.000000 1.000000 1.000000
3335.603027 0.000000 1464.437988 0.000000 0.000000 0.000000 1.000000 1.000000 1.000000 1.000000
3268.371094 0.000000 1609.942383 0.000000 0.000000 0.000000 1.000000 1.000000 1.000000 1.000000
3091.537109 0.000000 1496.917603 0.000000 0.000000 0.000000 1.000000 1.000000 1.000000 1.000000
3039.206299 0.000000 1336.980713 0.000000 0.000000 0.000000 1.000000 1.000000 1.000000 1.000000
3067.969727 0.000000 1200.506714 0.000000 0.000000 0.000000 1.000000 1.000000 1.000000 1.000000
3207.986328 0.000000 1404.382812 0.000000 0.000000 0.000000 1.000000 1.000000 1.000000 1.000000
3206.677734 0.000000 1247.416260 0.000000 0.000000 0.000000 1.000000 1.000000 1.000000 1.000000
3301.507080 0.000000 1106.648682 0.000000 0.000000 0.000000 1.000000 1.000000 1.000000 1.000000
3453.346191 0.000000 1049.539551 0.000000 0.000000 0.000000 1.000000 1.000000 1.000000 1.000000
3329.311768 0.000000 975.939697 0.000000 0.000000 0.000000 1.000000 1.000000 1.000000 1.000000
3508.886963 0.000000 858.425293 0.000000 0.000000 0.000000 1.000000 1.000000 1.000000 1.000000
3638.809570 0.000000 911.479492 0.000000 0.000000 0.000000 1.000000 1.000000 1.000000 1.000000
3852.405518 0.000000 935.974121 0.000000 0.000000 0.000000 1.000000 1.000000 1.000000 1.000000
4054.970215 0.000000 1244.143311 0.000000 0.000000 0.000000 1.000000 1.000000 1.000000 1.000000
4185.641113 0.000000 1218.312012 0.000000 0.000000 0.000000 1.000000 1.000000 1.000000 1.000000
4313.806152 0.000000 1231.530029 0.000000 0.000000 0.000000 1.000000 1.000000 1.000000 1.000000
4416.068848 0.000000 1279.038330 0.000000 0.000000 0.000000 1.000000 1.000000 1.000000 1.000000
4312.270508 0.000000 1349.156616 0.000000 0.000000 0.000000 1.000000 1.000000 1.000000 1.000000
4338.015625 0.000000 1457.491943 0.000000 0.000000 0.000000 1.000000 1.000000 1.000000 1.000000
4220.597656 0.000000 1473.807861 0.000000 0.000000 0.000000 1.000000 1.000000 1.000000 1.000000
4193.761230 0.000000 1600.516846 0.000000 0.000000 0.000000 1.000000 1.000000 1.000000 1.000000
4122.025879 0.000000 1698.371338 0.000000 0.000000 0.000000 1.000000 1.000000 1.000000 1.000000
3978.908691 0.000000 1665.846313 0.000000 0.000000 0.000000 1.000000 1.000000 1.000000 1.000000
4044.032227 0.000000 1443.296387 0.000000 0.000000 0.000000 1.000000 1.000000 1.000000 1.000000
3940.632324 0.000000 1489.559204 0.000000 0.000000 0.000000 1.000000 1.000000 1.000000 1.000000
3831.388184 0.000000 1619.534180 0.000000 0.000000 0.000000 1.000000 1.000000 1.000000 1.000000
3868.049072 0.000000 1722.959961 0.000000 0.000000 0.000000 1.000000 1.000000 1.000000 1.000000
4311.480957 0.000000 1844.947388 0.000000 0.000000 0.000000 1.000000 1.000000 1.000000 1.000000
4170.512695 0.000000 1802.066895 0.000000 0.000000 0.000000 1.000000 1.000000 1.000000 1.000000
4125.695801 0.000000 1912.227051 0.000000 0.000000 0.000000 1.000000 1.000000 1.000000 1.000000
3998.339111 0.000000 1910.430786 0.000000 0.000000 0.000000 1.000000 1.000000 1.000000 1.000000
3904.549316 0.000000 1998.462280 0.000000 0.000000 0.000000 1.000000 1.000000 1.000000 1.000000
3812.053711 0.000000 1906.933838 0.000000 0.000000 0.000000 1.000000 1.000000 1.000000 1.000000
3871.449219 0.000000 2108.690186 0.000000 0.000000 0.000000 1.000000 1.000000 1.000000 1.000000
3785.446533 0.000000 2168.079834 0.000000 0.000000 0.000000 1.000000 1.000000 1.000000 1.000000
3677.530273 0.000000 2219.036621 0.000000 0.000000 0.000000 1.000000 1.000000 1.000000 1.000000
3790.701660 0.000000 2293.137207 0.000000 0.000000 0.000000 1.000000 1.000000 1.000000 1.000000
3877.816650 0.000000 2231.227783 0.000000 0.000000 0.000000 1.000000 1.000000 1.000000 1.000000
3890.955811 0.000000 2356.825439 0.000000 0.000000 0.000000 1.000000 1.000000 1.000000 1.000000
3664.760742 0.000000 2329.480225 0.000000 0.000000 0.000000 1.000000 1.000000 1.000000 1.000000
3743.066162 0.000000 2402.110596 0.000000 0.000000 0.000000 1.000000 1.000000 1.000000 1.000000
3862.212646 0.000000 2464.725342 0.000000 0.000000 0.000000 1.000000 1.000000 1.000000 1.000000
3953.653076 0.000000 2547.467041 0.000000 0.000000 0.000000 1.000000 1.000000 1.000000 1.000000
4085.557861 0.000000 2539.659180 0.000000 0.000000 0.000000 1.000000 1.000000 1.000000 1.000000
4214.348633 0.000000 2523.829346 0.000000 0.000000 0.000000 1.000000 1.000000 1.000000 1.000000
4145.022461 0.000000 2417.765625 0.000000 0.000000 0.000000 1.000000 1.000000 1.000000 1.000000
4334.279297 0.000000 2529.408203 0.000000 0.000000 0.000000 1.000000 1.000000 1.000000 1.000000
4301.843262 0.000000 2340.394287 0.000000 0.000000 0.000000 1.000000 1.000000 1.000000 1.000000
4163.786133 0.000000 2176.583008 0.000000 0.000000 0.000000 1.000000 1.000000 1.000000 1.000000
4289.801758 0.000000 2141.269287 0.000000 0.000000 0.000000 1.000000 1.000000 1.000000 1.000000
4235.176758 0.000000 2253.520508 0.000000 0.000000 0.000000 1.000000 1.000000 1.000000 1.000000
4402.063477 0.000000 2205.185059 0.000000 0.000000 0.000000 1.000000 1.000000 1.000000 1.000000
4413.939453 0.000000 2382.917236 0.000000 0.000000 0.000000 1.000000 1.000000 1.000000 1.000000
4455.776855 0.000000 2535.886230 0.000000 0.000000 0.000000 1.000000 1.000000 1.000000 1.000000
4526.905273 0.000000 2450.498291 0.000000 0.000000 0.000000 1.000000 1.000000 1.000000 1.000000
4629.044922 0.000000 2528.283203 0.000000 0.000000 0.000000 1.000000 1.000000 1.000000 1.000000
4692.154785 0.000000 2357.858154 0.000000 0.000000 0.000000 1.000000 1.000000 1.000000 1.000000
4808.977051 0.000000 2412.467529 0.000000 0.000000 0.000000 1.000000 1.000000 1.000000 1.000000
4945.751953 0.000000 2372.573242 0.000000 0.000000 0.000000 1.000000 1.000000 1.000000 1.000000
4880.010254 0.000000 2482.960693 0.000000 0.000000 0.000000 1.000000 1.000000 1.000000 1.000000
5038.658691 0.000000 2407.668945 0.000000 0.000000 0.000000 1.000000 1.000000 1.000000 1.000000
5182.173828 0.000000 2404.613037 0.000000 0.000000 0.000000 1.000000 1.000000 1.000000 1.000000
5312.285156 0.000000 2539.782715 0.000000 0.000000 0.000000 1.000000 1.000000 1.000000 1.000000
4038.949219 0.000000 2022.802856 0.000000 0.000000 0.000000 1.000000 1.000000 1.000000 1.000000
3526.383789 0.000000 2502.298828 0.000000 0.000000 0.000000 1.000000 1.000000 1.000000 1.000000
3431.822754 0.000000 2647.604004 0.000000 0.000000 0.000000 1.000000 1.000000 1.000000 1.000000
3396.767334 0.000000 2480.947754 0.000000 0.000000 0.000000 1.000000 1.000000 1.000000 1.000000
3634.707275 0.000000 2571.221924 0.000000 0.000000 0.000000 1.000000 1.000000 1.000000 1.000000
4541.678223 0.000000 1447.007080 0.000000 0.000000 0.000000 1.000000 1.000000 1.000000 1.000000
4627.751953 0.000000 1316.716064 0.000000 0.000000 0.000000 1.000000 1.000000 1.000000 1.000000
4766.364258 0.000000 1410.804932 0.000000 0.000000 0.000000 1.000000 1.000000 1.000000 1.000000
4781.228027 0.000000 1264.854004 0.000000 0.000000 0.000000 1.000000 1.000000 1.000000 1.000000
4929.220703 0.000000 1442.998901 0.000000 0.000000 0.000000 1.000000 1.000000 1.000000 1.000000
5486.393066 0.000000 2545.886475 0.000000 0.000000 0.000000 1.000000 1.000000 1.000000 1.000000
5367.693848 0.000000 2671.963135 0.000000 0.000000 0.000000 1.000000 1.000000 1.000000 1.000000
5243.152344 0.000000 2691.680664 0.000000 0.000000 0.000000 1.000000 1.000000 1.000000 1.000000
5652.430176 0.000000 2568.388916 0.000000 0.000000 0.000000 1.000000 1.000000 1.000000 1.000000
5687.441406 0.000000 2352.109619 0.000000 0.000000 0.000000 1.000000 1.000000 1.000000 1.000000
5549.186035 0.000000 2351.280762 0.000000 0.000000 0.000000 1.000000 1.000000 1.000000 1.000000
5421.512207 0.000000 2286.578369 0.000000 0.000000 0.000000 1.000000 1.000000 1.000000 1.000000
5248.385254 0.000000 2132.024170 0.000000 0.000000 0.000000 1.000000 1.000000 1.000000 1.000000
5360.704102 0.000000 2136.669434 0.000000 0.000000 0.000000 1.000000 1.000000 1.000000 1.000000
5243.125488 0.000000 2250.823730 0.000000 0.000000 0.000000 1.000000 1.000000 1.000000 1.000000
5133.820312 0.000000 2142.359863 0.000000 0.000000 0.000000 1.000000 1.000000 1.000000 1.000000
5002.713867 0.000000 2032.840454 0.000000 0.000000 0.000000 1.000000 1.000000 1.000000 1.000000
4930.783691 0.000000 2141.247314 0.000000 0.000000 0.000000 1.000000 1.000000 1.000000 1.000000
4879.981445 0.000000 2009.358765 0.000000 0.000000 0.000000 1.000000 1.000000 1.000000 1.000000
5145.961914 0.000000 1985.446777 0.000000 0.000000 0.000000 1.000000 1.000000 1.000000 1.000000
5617.421387 0.000000 2118.348145 0.000000 0.000000 0.000000 1.000000 1.000000 1.000000 1.000000
5770.447754 0.000000 2098.392090 0.000000 0.000000 0.000000 1.000000 1.000000 1.000000 1.000000
5537.938477 0.000000 2014.877686 0.000000 0.000000 0.000000 1.000000 1.000000 1.000000 1.000000
5427.916504 0.000000 1918.866577 0.000000 0.000000 0.000000 1.000000 1.000000 1.000000 1.000000
5263.877441 0.000000 1831.740723 0.000000 0.000000 0.000000 1.000000 1.000000 1.000000 1.000000
5818.647461 0.000000 2330.028076 0.000000 0.000000 0.000000 1.000000 1.000000 1.000000 1.000000
5967.239258 0.000000 2346.608154 0.000000 0.000000 0.000000 1.000000 1.000000 1.000000 1.000000
6130.057129 0.000000 2230.378662 0.000000 0.000000 0.000000 1.000000 1.000000 1.000000 1.000000
6123.452148 0.000000 2370.338379 0.000000 0.000000 0.000000 1.000000 1.000000 1.000000 1.000000
6282.541504 0.000000 2322.672607 0.000000 0.000000 0.000000 1.000000 1.000000 1.000000 1.000000
"}
object={
	name="amb_3D_field_emitter"
	render_pass=Map
	clamp_to_water_level=no
	generated_content=no
	layer="building_layer"
	entity="map_ambient_3D_field"
	count=0
}
object={
	name="amb_3D_forest_emitter"
	render_pass=Map
	clamp_to_water_level=no
	generated_content=no
	layer="building_layer"
	entity="map_ambient_3D_forest"
	count=0
}
object={
	name="amb_3D_mountain_emitter"
	render_pass=Map
	clamp_to_water_level=yes
	generated_content=no
	layer="building_layer"
	entity="map_ambient_3D_mountain"
	count=0
}
object={
	name="amb_3D_ocean_emitter"
	render_pass=Map
	clamp_to_water_level=yes
	generated_content=no
	layer="building_layer"
	entity="map_ambient_3D_ocean"
	count=24
	transform="22.893209 0.000000 -1.179398 0.000000 0.000000 0.000000 1.000000 1.000000 1.000000 1.000000
0.365933 0.000000 236.069489 0.000000 0.000000 0.000000 1.000000 1.000000 1.000000 1.000000
0.544248 0.000000 473.197632 0.000000 0.000000 0.000000 1.000000 1.000000 1.000000 1.000000
0.544248 0.000000 834.552551 0.000000 0.000000 0.000000 1.000000 1.000000 1.000000 1.000000
0.544248 0.000000 1193.799805 0.000000 0.000000 0.000000 1.000000 1.000000 1.000000 1.000000
0.544248 0.000000 1432.332153 0.000000 0.000000 0.000000 1.000000 1.000000 1.000000 1.000000
0.544248 0.000000 1673.918945 0.000000 0.000000 0.000000 1.000000 1.000000 1.000000 1.000000
0.544250 0.000000 1908.908203 0.000000 0.000000 0.000000 1.000000 1.000000 1.000000 1.000000
0.544248 0.000000 2263.380371 0.000000 0.000000 0.000000 1.000000 1.000000 1.000000 1.000000
0.544248 0.000000 2508.555908 0.000000 0.000000 0.000000 1.000000 1.000000 1.000000 1.000000
0.544249 0.000000 2739.391113 0.000000 0.000000 0.000000 1.000000 1.000000 1.000000 1.000000
0.544248 0.000000 2970.134766 0.000000 0.000000 0.000000 1.000000 1.000000 1.000000 1.000000
0.270975 0.000000 3087.385254 0.000000 0.000000 0.000000 1.000000 1.000000 1.000000 1.000000
0.270972 0.000000 3200.847656 0.000000 0.000000 0.000000 1.000000 1.000000 1.000000 1.000000
0.270972 0.000000 3431.172852 0.000000 0.000000 0.000000 1.000000 1.000000 1.000000 1.000000
0.196632 0.000000 3678.721924 0.000000 0.000000 0.000000 1.000000 1.000000 1.000000 1.000000
0.196631 0.000000 3957.281006 0.000000 0.000000 0.000000 1.000000 1.000000 1.000000 1.000000
7.996634 0.000000 4090.304199 0.000000 0.000000 0.000000 1.000000 1.000000 1.000000 1.000000
2139.281250 0.000000 4089.466553 0.000000 0.000000 0.000000 1.000000 1.000000 1.000000 1.000000
161.945633 0.000000 4081.462158 0.000000 0.000000 0.000000 1.000000 1.000000 1.000000 1.000000
2547.096924 0.000000 4083.779053 0.000000 0.000000 0.000000 1.000000 1.000000 1.000000 1.000000
1298.928833 0.000000 4094.819824 0.000000 0.000000 0.000000 1.000000 1.000000 1.000000 1.000000
1570.918579 0.000000 4080.102539 0.000000 0.000000 0.000000 1.000000 1.000000 1.000000 1.000000
1804.548828 0.000000 4080.102539 0.000000 0.000000 0.000000 1.000000 1.000000 1.000000 1.000000
"}
object={
	name="amb_3D_river_emitter"
	render_pass=Map
	clamp_to_water_level=no
	generated_content=no
	layer="building_layer"
	entity="map_ambient_3D_river"
	count=0
}
