object={
	name="bridges"
	render_pass=MapUnderWater
	clamp_to_water_level=no
	generated_content=no
	layer="temp_layer"
	pdxmesh="bridge_western_mesh"
	count=5
	transform="9372.486328 3.213379 7286.828613 0.000000 0.840276 0.000000 -0.542157 1.368380 1.368380 1.368380
9364.169922 2.526367 7275.747559 0.000000 0.064043 0.000000 0.997947 1.613077 1.613077 1.613077
9310.339844 3.629395 7168.977051 0.000000 0.699734 0.000000 0.714404 1.678687 1.678687 1.678687
9265.465820 4.022949 7195.827637 0.000000 0.792735 0.000000 0.609567 2.355536 2.355536 2.355536
10197.526367 3.694824 7720.612793 0.000000 0.000000 0.000000 1.000000 5.158345 5.158345 5.158345
"}
