object={
	name="bridge 01"
	render_pass=MapUnderWater
	clamp_to_water_level=no
	generated_content=no
	layer="temp_layer"
	pdxmesh="bridge_western_mesh"
	count=10
	transform="9261.125000 0.093262 6527.726074 0.000000 0.783867 0.000000 -0.620928 1.368380 1.368380 1.368380
9249.537109 1.479980 6514.694336 0.000000 0.000000 0.000000 1.000000 1.368380 1.368380 1.368380
9123.193359 0.571289 6416.532227 0.000000 -0.613047 0.000000 0.790046 1.226562 1.226562 1.226562
9126.371094 2.863770 6415.757812 0.000000 -0.613047 0.000000 0.790046 1.226562 1.226562 1.226562
9129.724609 2.863770 6415.210449 0.000000 -0.613047 0.000000 0.790046 1.226562 1.226562 1.226562
9133.321289 2.128418 6414.338379 0.000000 -0.613047 0.000000 0.790046 1.226562 1.226562 1.226562
9129.634766 2.463379 6516.691406 0.000000 0.665672 0.000000 0.746245 1.000000 1.000000 1.000000
9118.443359 1.595703 6516.439941 0.000000 0.695448 0.000000 0.718577 1.000000 1.000000 1.000000
9627.849609 5.761230 5137.261719 0.000000 0.347801 0.000000 0.937569 2.006409 2.006409 2.006409
9594.583008 2.338867 5088.093262 0.000000 -0.166939 0.000000 0.985967 1.987109 1.987109 1.987109
"}
object={
	name="bridge 01_variant_1"
	render_pass=Map
	clamp_to_water_level=no
	generated_content=no
	layer="temp_layer"
	pdxmesh="bridge_western_mesh"
	count=1
	transform="9636.429688 8.406250 5046.486816 0.000000 -0.564522 0.000000 0.825418 1.955469 1.955469 1.955469
"}
