object={
	name="cliff coastline 01"
	render_pass=MapUnderWater
	clamp_to_water_level=no
	generated_content=no
	layer="temp_layer"
	pdxmesh="cliff_coastline_01_mesh"
	count=32
	transform="9207.364258 -11.596191 6497.969238 0.000000 0.980245 0.000000 -0.197788 2.809705 2.809705 2.809705
9208.124023 -11.096680 6503.738281 0.000000 -0.617282 0.000000 0.786742 2.580624 2.580624 2.580624
9208.973633 -11.140625 6494.157715 0.000000 -0.889358 0.000000 -0.457212 2.843451 2.843451 2.843451
9095.200195 -11.636230 6569.284668 -0.000000 -0.183284 0.000000 0.983060 2.955092 2.955092 2.955092
9100.360352 -11.461914 6573.595703 0.000000 -0.974418 0.000000 0.224744 2.865824 2.865824 2.865824
9207.741211 -8.661621 6492.206543 0.000000 -0.309056 -0.000000 -0.951044 2.287988 2.287988 2.287988
9100.723633 -16.565918 6571.671387 0.000000 -0.234829 0.000000 0.972037 3.938348 3.938348 3.938348
9096.261719 -16.034180 6567.494141 0.000000 0.723648 0.000000 -0.690169 3.938348 3.938348 3.938348
9086.903320 -10.740723 6349.399414 0.000000 0.067792 0.000000 -0.997699 2.646903 2.646903 2.646903
9087.941406 -6.065430 6344.257324 0.000000 0.850063 0.000000 -0.526682 2.046533 2.046533 2.046533
9083.846680 -17.468750 6325.579590 0.000000 0.108299 0.000000 -0.994118 4.148850 4.148850 4.148850
9090.324219 -19.670898 6341.544922 0.000000 0.399975 0.000000 -0.916526 4.148850 4.148850 4.148850
9089.410156 -18.556641 6350.574219 0.000000 0.625221 0.000000 0.780447 4.148850 4.148850 4.148850
9087.483398 -16.904785 6327.061035 0.000000 0.829392 0.000000 -0.558667 4.282169 4.282169 4.282169
9080.189453 -7.256348 6346.981445 0.000000 0.054904 0.000000 0.998492 1.929778 1.929778 1.929778
9081.362305 -7.789062 6343.455566 0.000000 0.453731 0.000000 0.891139 1.873340 1.873340 1.873340
9076.724609 -7.228516 6580.557129 0.000000 0.285639 0.000000 0.958337 1.905795 1.905795 1.905795
9091.557617 -10.438965 6569.516113 0.000000 0.457200 0.000000 -0.889364 2.666139 2.666139 2.666139
9092.766602 -7.603027 6571.807129 0.000000 0.958756 0.000000 0.284230 2.596185 2.596185 2.596185
9075.627930 -10.162598 6583.896484 0.000000 1.000000 0.000000 -0.000981 2.592237 2.592237 2.592237
9068.144531 -10.162598 6580.280273 0.000000 1.000000 0.000000 -0.000981 2.592237 2.592237 2.592237
9104.020508 -7.255859 6588.691406 0.000000 -0.100173 0.000000 0.994970 1.900583 1.900583 1.900583
9099.099609 -3.467773 6587.601074 0.000000 0.932815 0.000000 0.360354 1.180469 1.180469 1.180469
9080.192383 -9.876953 6579.301270 0.000000 -0.901420 0.000000 -0.432946 2.193799 2.193799 2.193799
9195.317383 -5.792969 6494.151855 0.000000 0.255202 0.000000 0.966888 1.631515 1.631515 1.631515
9204.102539 -5.792969 6476.388184 0.000000 0.590529 0.000000 0.807017 1.987895 1.987895 1.987895
9194.196289 -5.792969 6494.529297 0.000000 -0.521896 0.000000 0.853009 2.005127 2.005127 2.005127
9206.048828 -7.782715 6510.146484 0.000000 0.132059 0.000000 0.991242 2.189731 2.189731 2.189731
9247.349609 -9.224609 6605.111816 0.000000 0.283181 0.000000 0.959066 2.343337 2.343337 2.343337
9243.331055 -7.637207 6602.141602 0.000000 0.742743 0.000000 0.669576 1.958583 1.958583 1.958583
9285.667969 -13.252441 6556.561523 0.000000 0.000000 0.000000 1.000000 3.194775 3.194775 3.194775
9289.085938 -7.654297 6558.759766 0.000000 0.049053 0.000000 0.998796 1.830518 1.830518 1.830518
"}
object={
	name="cliff coastline 02"
	render_pass=MapUnderWater
	clamp_to_water_level=no
	generated_content=no
	layer="temp_layer"
	pdxmesh="cliff_coastline_02_mesh"
	count=28
	transform="9207.306641 -5.191895 6501.878418 0.000000 0.991418 0.000000 -0.130733 1.826191 1.826191 1.826191
9211.790039 -12.069824 6505.934082 0.000000 0.999983 0.000000 0.005733 3.947881 3.947881 3.947881
9213.177734 -7.080078 6505.381836 0.000000 -0.268641 0.000000 -0.963240 2.957441 2.957441 2.957441
9207.029297 -7.363281 6499.579590 0.000000 0.919189 0.000000 0.393817 2.703027 2.703027 2.703027
9208.333984 -6.845703 6500.998535 0.000000 0.679492 0.000000 0.733683 2.703027 2.703027 2.703027
9206.359375 -6.649902 6495.041016 0.000000 0.000000 0.000000 1.000000 2.750277 2.750277 2.750277
9105.680664 -7.603516 6577.064941 0.000000 0.770503 0.000000 -0.637437 3.192135 3.192135 3.192135
9092.321289 -9.165039 6569.532227 0.000000 0.609355 0.000000 -0.792898 3.487917 3.487917 3.487917
9102.498047 -8.696289 6573.152344 0.000000 0.835010 0.000000 -0.550235 3.119766 3.119766 3.119766
9103.814453 -3.849609 6577.196289 0.000000 -0.934868 0.000000 0.354997 1.862688 1.862688 1.862688
9100.534180 -4.353027 6575.133789 0.000000 -0.341269 0.000000 0.939966 2.080870 2.080870 2.080870
9098.453125 -4.744141 6573.578613 0.000000 0.974880 0.000000 -0.222730 1.975887 1.975887 1.975887
9094.859375 -4.832031 6571.460449 0.000000 0.998055 0.000000 0.062333 2.194480 2.194480 2.194480
9084.184570 -6.009277 6349.503418 0.000000 -0.660005 0.000000 0.751261 2.594326 2.594326 2.594326
9086.229492 -5.499023 6350.810547 0.000000 0.433822 0.000000 0.900999 2.205047 2.205047 2.205047
9081.780273 -3.950684 6349.492188 0.000000 0.950891 0.000000 0.309524 2.205047 2.205047 2.205047
9078.908203 -4.316406 6579.706543 0.000000 0.915004 0.000000 0.403445 1.843192 1.843192 1.843192
9074.399414 -2.658691 6577.629883 0.000000 0.654208 0.000000 0.756315 1.573749 1.573749 1.573749
9098.546875 -2.612305 6574.810059 0.000000 0.998597 0.000000 0.052949 2.221142 2.221142 2.221142
9100.384766 -5.928223 6589.631836 0.000000 0.614686 0.000000 0.788772 2.243750 2.243750 2.243750
9087.910156 -7.655761 6561.494629 0.000000 -0.383812 0.000000 0.923411 2.963867 2.963867 2.963867
9108.847656 -7.403320 6573.826172 0.000000 -0.383812 0.000000 0.923411 2.963867 2.963867 2.963867
9085.746094 -12.343750 6563.442383 0.000000 -0.999777 0.000000 -0.021122 4.586573 4.586573 4.586573
9197.890625 -3.278320 6483.285156 0.000000 0.920672 0.000000 0.390336 1.963721 1.963721 1.963721
9243.365234 -4.594727 6604.175293 0.000000 -0.882627 0.000000 0.470075 2.050049 2.050049 2.050049
9248.422852 -4.768066 6603.645996 0.000000 0.000000 0.000000 1.000000 1.874316 1.874316 1.874316
9287.822266 -6.565430 6557.874512 0.000000 -0.391127 0.000000 0.920337 2.466016 2.466016 2.466016
9290.160156 -7.655273 6559.674805 0.000000 -0.070011 0.000000 0.997546 2.764582 2.764582 2.764582
"}
object={
	name="cliff coastline 03"
	render_pass=MapUnderWater
	clamp_to_water_level=no
	generated_content=no
	layer="temp_layer"
	pdxmesh="cliff_coastline_03_mesh"
	count=14
	transform="9210.234375 -6.362793 6504.222656 0.000000 -0.913471 0.000000 0.406905 3.265420 3.265420 3.265420
9106.601562 -7.894043 6575.162598 0.000000 -0.905294 0.000000 -0.424786 3.742554 3.742554 3.742554
9087.098633 -6.951660 6564.796875 0.000000 0.966733 0.000000 0.255788 2.979909 2.979909 2.979909
9089.494141 -4.643066 6569.074219 0.000000 0.824662 0.000000 0.565626 2.380078 2.380078 2.380078
9081.338867 -5.046875 6348.097656 0.000000 0.533716 0.000000 0.845664 2.810607 2.810607 2.810607
9082.958008 -5.046875 6343.935059 0.000000 -0.028805 0.000000 0.999585 2.810607 2.810607 2.810607
9084.587891 -4.489258 6343.842773 0.000000 -0.422238 0.000000 0.906485 2.671602 2.671602 2.671602
9086.937500 -5.614746 6328.593262 0.000000 0.335181 0.000000 0.942154 3.298824 3.298824 3.298824
9074.614258 -5.133301 6577.297852 0.000000 -0.355001 0.000000 0.934866 2.461328 2.461328 2.461328
9105.229492 -3.375977 6587.520020 0.000000 0.732773 0.000000 0.680474 1.866402 1.866402 1.866402
9110.549805 -5.589355 6571.823242 0.000000 -0.939842 0.000000 0.341609 2.907275 2.907275 2.907275
9249.821289 -3.918945 6603.815918 0.000000 -0.985473 0.000000 -0.169832 2.142969 2.142969 2.142969
9249.807617 -3.635254 6602.205566 0.000000 -0.884456 0.000000 0.466623 1.629098 1.629098 1.629098
9241.269531 -1.918457 6602.307617 0.000000 0.983393 0.000000 -0.181488 1.581349 1.581349 1.581349
"}
object={
	name="cliff coastline 04"
	render_pass=MapUnderWater
	clamp_to_water_level=no
	generated_content=no
	layer="temp_layer"
	pdxmesh="cliff_coastline_04_mesh"
	count=9
	transform="9090.304688 -7.622559 6560.707031 0.000000 -0.331843 0.000000 0.943335 4.321204 4.321204 4.321204
9088.414062 -7.622559 6561.591797 -0.000000 -0.933386 0.000000 0.358874 4.321204 4.321204 4.321204
9073.038086 -2.914062 6576.724609 0.000000 0.000000 0.000000 1.000000 2.208241 2.208241 2.208241
9076.018555 -4.249512 6575.812012 0.000000 0.000000 0.000000 1.000000 2.477930 2.477930 2.477930
9078.049805 -3.571777 6582.357422 0.000000 0.000000 0.000000 1.000000 2.477930 2.477930 2.477930
9100.324219 -2.773926 6587.763672 0.000000 0.000000 0.000000 1.000000 2.054639 2.054639 2.054639
9110.792969 -9.939453 6573.858887 0.000000 -0.478675 0.000000 0.877992 5.505762 5.505762 5.505762
9210.032227 -5.017090 6490.095215 0.000000 0.324348 0.000000 0.945938 3.165702 3.165702 3.165702
9284.816406 -3.741211 6558.559082 0.000000 -0.364796 0.000000 0.931088 2.895459 2.895459 2.895459
"}
