object={
	name="env_desert_ambient_close"
	render_pass=Map
	clamp_to_water_level=yes
	generated_content=no
	layer="env_effect_layer"
	entity="env_desert_plains_ambient"
	count=0
}
object={
	name="env_desert_mountains"
	render_pass=Map
	clamp_to_water_level=yes
	generated_content=no
	layer="env_effect_mountains_layer"
	entity="env_desert_mountains"
	count=0
}
object={
	name="env_desert_plains"
	render_pass=Map
	clamp_to_water_level=yes
	generated_content=no
	layer="env_effect_layer"
	entity="env_desert_plains"
	count=0
}
object={
	name="env_desert_plains_ambient"
	render_pass=Map
	clamp_to_water_level=yes
	generated_content=no
	layer="env_effect_layer"
	entity="env_desert_plains_ambient"
	count=0
}
object={
	name="env_forest_mountains"
	render_pass=Map
	clamp_to_water_level=yes
	generated_content=no
	layer="env_effect_mountains_layer"
	entity="env_mist_sun"
	count=0
}
object={
	name="env_mist_forest"
	render_pass=Map
	clamp_to_water_level=yes
	generated_content=no
	layer="env_effect_layer"
	entity="env_mist_sun"
	count=0
}
object={
	name="env_snow_mountains"
	render_pass=Map
	clamp_to_water_level=yes
	generated_content=no
	layer="env_effect_mountains_layer"
	entity="env_snow_mountains"
	count=0
}
object={
	name="env_snow_plains"
	render_pass=Map
	clamp_to_water_level=yes
	generated_content=no
	layer="env_effect_layer"
	entity="env_snow_plains"
	count=0
}
object={
	name="env_snow_plains_ambient"
	render_pass=Map
	clamp_to_water_level=yes
	generated_content=no
	layer="env_effect_layer"
	entity="env_snow_plains_ambient"
	count=0
}
object={
	name="waterfall"
	render_pass=Map
	clamp_to_water_level=yes
	generated_content=no
	layer="coast_foam_layer"
	entity="waterfall"
	count=41
	transform="9235.957031 1.973633 7315.301758 0.000000 -0.257798 0.000000 0.966199 1.398975 1.398975 1.398975
9234.625000 -0.416993 7318.219727 0.000000 -0.361384 0.000000 0.932417 1.398975 1.398975 1.398975
9234.813477 2.287109 7317.213379 0.000000 -0.201970 0.000000 0.979392 1.000000 1.000000 1.000000
9234.039062 -0.602051 7318.122070 0.000000 -0.506085 0.000000 0.862484 1.385742 1.385742 1.385742
9916.392578 1.542480 6376.591309 0.000000 0.640157 0.000000 0.768244 1.000000 1.000000 1.000000
9916.989258 0.735352 6375.615723 0.000000 -0.785381 0.000000 -0.619013 1.000000 1.000000 1.000000
9917.064453 1.542969 6375.617188 0.000000 0.648093 0.000000 0.761561 1.000000 1.000000 1.000000
6888.825684 0.781250 8867.737305 0.000000 0.000000 0.000000 1.000000 2.164941 2.164941 2.164941
6888.125000 2.809570 8865.620117 0.000000 0.000000 0.000000 1.000000 1.712540 1.712540 1.712540
6889.207520 1.383789 8869.609375 0.000000 0.361099 0.000000 0.932528 1.241406 1.241406 1.241406
6887.465332 2.017578 8867.085938 0.000000 0.182444 0.000000 0.983216 1.898144 1.898144 1.898144
6940.790527 3.034180 8848.038086 0.000000 0.000000 0.000000 1.000000 1.661914 1.661914 1.661914
6941.000488 0.761719 8849.832031 0.000000 -0.082243 0.000000 0.996612 1.000000 1.000000 1.000000
6939.882812 1.991211 8846.600586 0.000000 0.000000 0.000000 1.000000 1.389160 1.389160 1.389160
6940.394531 2.446289 8848.805664 0.000000 0.000000 0.000000 1.000000 1.000000 1.000000 1.000000
6938.782227 1.862305 8849.655273 0.000000 0.290490 0.000000 0.956878 1.475195 1.475195 1.475195
7282.142578 0.643555 10395.203125 0.000000 -0.368373 0.000000 0.929678 2.318262 2.318262 2.318262
7283.525391 2.333984 10393.432617 0.000000 -0.269044 0.000000 0.963128 1.564281 1.564281 1.564281
7285.589355 1.518555 10387.602539 0.000000 -0.094767 0.000000 0.995499 2.164453 2.164453 2.164453
7283.637695 2.707031 10391.001953 0.000000 -0.182684 0.000000 0.983172 2.006250 2.006250 2.006250
5961.172852 9.875977 10896.298828 0.000000 0.346026 0.000000 0.938225 1.421951 1.421951 1.421951
5960.096680 5.997070 10898.270508 0.000000 0.009216 0.000000 0.999958 1.123047 1.123047 1.123047
5960.333496 10.353516 10895.597656 0.000000 0.594315 0.000000 0.804232 1.529785 1.529785 1.529785
5961.667480 6.167969 10896.297852 0.000000 0.562353 0.000000 0.826897 1.000000 1.000000 1.000000
5961.125977 3.838867 10899.020508 0.000000 0.110492 0.000000 0.993877 1.386914 1.386914 1.386914
5468.339355 0.193359 10855.274414 0.000000 0.571704 0.000000 0.820460 1.245215 1.245215 1.245215
5467.146484 -0.078125 10847.817383 0.000000 0.876911 0.000000 0.480653 1.414648 1.414648 1.414648
5462.629395 -0.262695 10844.276367 0.000000 0.999877 0.000000 0.015681 1.363379 1.363379 1.363379
5452.382324 0.498047 10848.155273 0.000000 -0.934020 0.000000 0.357221 1.488965 1.488965 1.488965
5454.657715 0.167969 10859.262695 0.000000 -0.314921 0.000000 0.949118 1.731543 1.731543 1.731543
5647.921875 2.266602 10662.190430 0.000000 -0.125583 0.000000 0.992083 1.662305 1.662305 1.662305
5638.495117 1.085938 10635.018555 0.000000 -0.139074 0.000000 0.990282 0.674020 0.674020 0.674020
5687.052246 0.858398 10705.591797 0.000000 0.000000 0.000000 1.000000 0.746911 0.746911 0.746911
5764.586426 0.874023 10715.253906 0.000000 0.000000 0.000000 1.000000 0.663279 0.663279 0.663279
6066.043945 1.011719 5221.178223 0.000000 -0.002563 0.000000 0.999997 0.268799 0.268799 0.268799
6062.799316 0.851562 5211.009766 0.000000 -0.124251 0.000000 0.992251 0.258979 0.258979 0.258979
6075.758789 0.693848 5223.681152 0.000000 0.000000 0.000000 1.000000 0.332764 0.332764 0.332764
9422.675781 1.520996 5822.215332 0.000000 0.626173 0.000000 0.779684 0.713281 0.713281 0.713281
9422.536133 1.439453 5822.054688 0.000000 -0.804411 0.000000 -0.594073 0.728171 0.728171 0.728171
10420.962891 0.189453 8609.393555 0.000000 0.688929 0.000000 0.724829 1.771847 1.771847 1.771847
10418.812500 -0.698242 8667.639648 0.000000 -0.520125 0.000000 0.854090 1.627051 1.627051 1.627051
"}
object={
	name="waterfall_bottom"
	render_pass=Map
	clamp_to_water_level=yes
	generated_content=no
	layer="coast_foam_layer"
	entity="waterfall_bottom"
	count=9
	transform="9235.825195 0.039551 7316.764160 0.000000 0.995271 0.000000 0.097133 1.000000 1.000000 1.000000
9917.941406 -1.536133 6375.705566 0.000000 -0.742253 0.000000 0.670120 0.779583 0.779583 0.779583
6888.960449 -3.381836 8867.037109 0.000000 -0.995609 0.000000 0.093608 1.179199 1.179199 1.179199
6939.951172 -0.160156 8847.181641 0.000000 0.996766 0.000000 -0.080362 1.126953 1.126953 1.126953
7284.772461 0.128906 10389.272461 0.000000 -0.998840 0.000000 -0.048143 1.300293 1.300293 1.300293
5962.616699 -0.631836 10896.431641 0.000000 -0.787272 0.000000 0.616606 1.000000 1.000000 1.000000
5961.263184 0.089844 10896.914062 0.000000 -0.941128 0.000000 0.338050 1.095312 1.095312 1.095312
10422.999023 0.086914 8609.458008 0.000000 -0.716880 0.000000 0.697197 0.652246 0.652246 0.652246
10415.450195 -0.418945 8668.532227 0.000000 0.855107 0.000000 0.518452 1.000000 1.000000 1.000000
"}
