object={
	name="lakes"
	render_pass=Map
	clamp_to_water_level=no
	generated_content=no
	layer="lake_layer"
	pdxmesh="lake_mesh"
	count=4
	transform="9932.620117 3.408691 6376.016602 0.000000 -0.742253 0.000000 0.670120 30.307449 30.307449 30.307449
6756.866211 2.684570 8724.986328 0.000000 0.039479 0.000000 0.999220 14.665215 14.665215 14.665215
6759.922852 4.157227 8757.329102 0.000000 -0.505611 0.000000 0.862761 19.908751 19.908751 19.908751
6937.680664 -1.858398 8918.787109 0.000000 0.831699 0.000000 0.555227 61.520992 61.520992 61.520992
"}
