object={
	name="kul_tiras_castles"
	render_pass=MapUnderWater
	clamp_to_water_level=no
	generated_content=no
	layer="temp_layer"
	pdxmesh="building_western_castle_04_mesh"
	count=12
	transform="9293.589844 0.098145 7167.902832 0.000000 0.858251 0.000000 -0.513231 1.000000 1.000000 1.000000
9404.178711 -0.598633 7264.183594 0.000000 0.313240 0.000000 0.949674 1.670410 1.670410 1.670410
9390.743164 1.111328 7314.930176 0.000000 -0.646046 0.000000 0.763299 1.670410 1.670410 1.670410
9306.950195 0.000000 7366.343750 0.000000 0.000000 0.000000 1.000000 1.000000 1.000000 1.000000
9473.694336 0.000000 5140.785156 0.000000 0.000000 0.000000 1.000000 1.000000 1.000000 1.000000
9516.976562 0.000000 5072.890625 0.000000 0.000000 0.000000 1.000000 1.000000 1.000000 1.000000
9570.347656 0.000000 4968.704590 0.000000 0.000000 0.000000 1.000000 1.000000 1.000000 1.000000
9617.650391 0.000000 4756.135742 0.000000 0.000000 0.000000 1.000000 2.123856 2.123856 2.123856
9591.194336 0.000000 4692.537109 0.000000 0.000000 0.000000 1.000000 1.000000 1.000000 1.000000
9574.501953 0.969238 5042.453613 0.000000 0.000000 0.000000 1.000000 1.000000 1.000000 1.000000
9739.361328 0.000000 4909.635254 0.000000 0.000000 0.000000 1.000000 1.000000 1.000000 1.000000
9709.674805 0.000000 4892.200684 0.000000 0.000000 0.000000 1.000000 1.000000 1.000000 1.000000
"}
object={
	name="kul_tiras_wc_proudmoore_keep"
	render_pass=MapUnderWater
	clamp_to_water_level=no
	generated_content=no
	layer="temp_layer"
	pdxmesh="kulTiras_proudmooreKeep_mesh"
	count=1
	transform="9332.516602 0.043946 7262.563477 0.000000 0.632056 0.000000 0.774922 1.967881 1.967881 1.967881
"}
object={
	name="kul_tiras_wc_seagate"
	render_pass=MapUnderWater
	clamp_to_water_level=no
	generated_content=no
	layer="temp_layer"
	pdxmesh="kulTiras_seaGate_mesh"
	count=1
	transform="9390.560547 4.113769 7283.796875 0.000000 -0.166578 0.000000 0.986028 1.701057 1.701057 1.701057
"}
object={
	name="kul_tiras_wc_villages"
	render_pass=MapUnderWater
	clamp_to_water_level=no
	generated_content=no
	layer="temp_layer"
	pdxmesh="western_city_01_b_mesh"
	count=5
	transform="9344.306641 0.000000 7269.710449 0.000000 0.000000 0.000000 1.000000 1.000000 1.000000 1.000000
9357.455078 0.000000 7252.126953 0.000000 0.000000 0.000000 1.000000 1.000000 1.000000 1.000000
9365.749023 0.000000 7263.824219 0.000000 0.000000 0.000000 1.000000 1.000000 1.000000 1.000000
9357.278320 -2.463379 7179.627441 0.000000 0.893671 0.000000 -0.448724 1.000000 1.000000 1.000000
9378.495117 0.000000 7317.807617 0.000000 0.000000 0.000000 1.000000 1.000000 1.000000 1.000000
"}
object={
	name="wc_volcano1"
	render_pass=MapUnderWater
	clamp_to_water_level=no
	generated_content=no
	layer="temp_layer"
	pdxmesh="volcano1_mesh"
	count=2
	transform="5676.516113 3.492432 3182.302002 0.000000 -0.418472 0.000000 0.908230 3.648045 3.648045 3.648045
5959.597656 -2.878906 5773.560547 0.000000 0.000000 0.000000 1.000000 0.968037 0.968037 0.968037
"}
object={
	name="wc_volcano2"
	render_pass=MapUnderWater
	clamp_to_water_level=no
	generated_content=no
	layer="temp_layer"
	pdxmesh="volcano2_mesh"
	count=1
	transform="5756.410645 4.226074 3309.305908 0.000000 0.000000 0.000000 1.000000 1.821808 1.821808 1.821808
"}
object={
	name="wc_volcano3"
	render_pass=MapUnderWater
	clamp_to_water_level=no
	generated_content=no
	layer="temp_layer"
	pdxmesh="volcano3_mesh"
	count=1
	transform="5873.462891 6.995850 3300.273926 0.000000 -0.478775 0.000000 -0.877938 4.667583 4.667583 4.667583
"}
